0.0 0.86
0.0 0.87
0.0 0.88
0.0 0.89
7.029499050699767e-07 0.13000009138355187
1.7856520669993842e-06 0.15000026784828832
1.9357065639168104e-06 0.1400002709994435
2.3108426280260293e-06 0.12000027730175615
2.757144042179884e-06 0.16000044114426307
3.5899342211815997e-06 0.17000061029100852
4.1823596874239814e-06 0.07000029276640257
4.2484233362698315e-06 0.11000046732855241
4.725772017077664e-06 0.10000047257943502
5.309197563623391e-06 0.09000047783031762
6.036558527091564e-06 0.08000048292759739
6.220665855741654e-06 0.18000111972681948
1.638007994496121e-05 0.19000311226616873
2.8150099499986405e-05 0.2000056301783901
5.650351695686283e-05 0.21001186640905478
9.04878959585478e-05 0.2200199091386469
0.00018176653081262078 0.23004181390245487
0.00038028631500834197 0.24009130343704965
0.000429746464988756 0.8503654415424514
0.00897985198824405 0.8476114251413135
0.009999999999956934 0.9999999999999565
0.01779175601755198 0.845034650324959
0.019999999999935552 0.9999999999999342
0.026609572109784672 0.06164021987564393
0.026802330969292944 0.8425831936246928
0.029999999999943697 0.9999999999999418
0.03598594547432712 0.8402367125223574
0.0399999999999947 0.9999999999999944
0.04532114749936535 0.8379781304514318
0.04999999999989671 0.9999999999998913
0.05479176084435626 0.8357946611909651
0.05999999999997925 0.9999999999999779
0.06438784160943413 0.8336787770498313
0.06999999999997496 0.9999999999999731
0.07410831102666171 0.8316307503027741
0.07999999999997033 0.9999999999999679
0.08393512755640842 0.8296355671544412
0.08999999999994425 0.9999999999999387
0.09526363695468441 0.8289707705297954
0.099999999999979 0.9999999999999767
0.10713081506952218 0.8287888220239331
0.11901109246943241 0.8286142921438215
0.13090043232870974 0.8284436292255958
0.14280100927799835 0.8282790900185045
0.15470930232558155 0.8281174771304767
0.16662236711013179 0.8279559863003717
0.1785425778542578 0.8277970125630628
0.19046496827953788 0.8276355855485147
0.20239203321212676 0.8274741821573725
0.21431949882537205 0.8273083002928298
0.2262499009104048 0.8271404433460269
0.2381834408978994 0.8269707352417445
0.2391792568395245 0.06571850261639593
0.2501146603043711 0.8267930671263047
0.2620498059398782 0.826614051883158
0.27398204707472124 0.8264258446812149
0.2859173029155196 0.826234835837507
0.2978510028653297 0.82603550295858
0.30978392191512993 0.8258283428887496
0.32171825915075364 0.8256156199912577
0.33365162644281227 0.8253940758704316
0.3455861683572385 0.8251659330678405
0.35751976701718446 0.8249281032964885
0.3694545048534205 0.8246827612004721
0.3813909800179871 0.8244302677882537
0.3933273572749175 0.8241677055917257
0.40526556181914647 0.8238971354993155
0.41720507790109396 0.8236173339865498
0.42292900834502223 0.06931556182591034
0.4291465808158242 0.8233286938557562
0.4410907022412579 0.8230315756861195
0.45303803458812164 0.8227263108891618
0.46498817277469956 0.8224117255163227
0.4769417446688018 0.8220881624891397
0.48889934259501155 0.8217559377294996
0.5008606641455099 0.8214139230243392
0.5128271652041206 0.8210638431175993
0.5247993476801075 0.8207059441018242
0.5367769177680647 0.8203390862326121
0.5487611610820072 0.8199648791030666
0.5607510807534655 0.8195808440861411
0.5727486334412314 0.8191898900617264
0.5847528909521914 0.8187895655183355
0.5867275800832872 0.07259134303238995
0.5967656637069613 0.8183826879271073
0.6087860937841085 0.8179668332735799
0.6208154657114369 0.8175438921358725
0.6328539801336184 0.8171135836068206
0.6449019475435481 0.8166758392333475
0.6569602000562771 0.8162318192989126
0.6690282463478615 0.8157795854802108
0.681107311716978 0.8153212963266382
0.6931969609578553 0.814855031359902
0.7355614187887036 0.07563192900365491
0.8725912707034715 0.07848755776165235
1.0 0.0812004566124686
