373.0
0.0 372.99999769046804
4.03225806451613 701.51906132273
7.751937984496124 992.3828639616362
11.194029850746269 1252.821209784389
14.388489208633096 1488.6270062255853
17.36111111111111 1702.3955141302952
20.13422818791946 1895.3450731868697
22.727272727272727 2067.4499874879752
25.15723270440252 2217.1448663605765
27.439024390243905 2339.161796360818
29.585798816568047 2417.3498397210747
31.60919540229885 2432.9528421241534
33.5195530726257 2409.515793110763
35.32608695652174 2374.1710436208696
37.03703703703704 2335.8753780433854
38.659793814432994 2297.2529026392704
40.20100502512563 2259.197501466331
41.666666666666664 2222.049983874937
43.0622009569378 2185.9442712408395
44.39252336448599 2150.9271942293094
45.662100456621005 2117.0055152900904
46.875 2084.1662322261714
48.03493449781659 2052.386039886464
49.14529914529914 2021.6360469789965
50.209205020920514 1991.8842889877058
51.229508196721305 1963.0971635411338
52.20883534136546 1935.2403114069496
53.14960629921261 1908.2791952692114
54.054054054054056 1882.1795018801913
54.92424242424243 1856.9074324278565
55.762081784386616 1832.4299162151292
56.569343065693424 1808.7147679444563
57.34767025089605 1785.7308013903682
58.098591549295776 1763.4479083055712
58.82352941176471 1741.8371092206069
59.523809523809526 1720.870581466268
60.200668896321076 1700.5216688391927
60.85526315789473 1680.7648766371199
61.48867313915858 1661.5758552166512
62.101910828025474 1642.9313747313465
62.695924764890286 1624.8092932732998
63.27160493827161 1607.1885202602298
63.829787234042556 1590.0489765772645
64.37125748502994 1573.371552695851
64.89675516224189 1557.1380657471284
65.40697674418605 1541.3312163202513
65.90257879656161 1525.9345455836678
66.38418079096046 1510.9323931841686
66.85236768802228 1496.3098562619766
67.3076923076923 1482.052749824869
67.75067750677508 1468.1475686484107
68.18181818181817 1454.5814508085687
68.60158311345647 1441.342142905454
69.01041666666666 1428.4179669995724
69.40874035989717 1415.79778925397
69.79695431472082 1403.4709902538364
70.17543859649122 1391.4274369597874
70.54455445544554 1379.6574562249434
70.90464547677261 1368.1518099018185
71.25603864734299 1356.9016712573407
71.59904534606206 1345.8986028600173
71.93396226415094 1335.1345358166805
72.26107226107227 1324.601750135369
72.58064516129032 1314.292856317295
72.89293849658314 1304.200778033023
73.1981981981982 1294.3187358303855
73.49665924276168 1284.6402318113946
73.7885462555066 1275.1590352185126
74.07407407407408 1265.8691688772938
74.35344827586206 1256.764896411744
74.6268656716418 1247.840710272539
74.89451476793249 1239.091320382725
75.15657620041753 1230.5116434967385
75.41322314049587 1222.0967931619134
75.66462167689161 1213.8420702116746
75.91093117408909 1205.7429539041575
76.15230460921843 1197.7950934303417
76.3888888888889 1189.9942999850664
76.62082514734774 1182.3365392512906
76.84824902723734 1174.817924299774
77.07129094412332 1167.4347088780696
77.29007633587786 1160.1832810635287
77.50472589792061 1153.060157257882
77.71535580524346 1146.0619765022511
77.92207792207792 1139.1854950930697
78.12500000000001 1132.427581480487
78.32422586520946 1125.7852114322989
78.51985559566788 1119.2554634473906
78.71198568872988 1112.8355144038806
78.90070921985816 1106.522635428028
79.08611599297014 1100.3141879709972
79.26829268292683 1094.207620081315
79.44732297063904 1088.2004628617474
79.62328767123289 1082.2903270999466
79.79626485568761 1076.474900063049
79.96632996632998 1070.7519424468633
80.13355592654423 1065.1192854710887
80.29801324503312 1059.574828112309
80.45977011494254 1054.1165344672706
80.61889250814332 1048.7424312391902
80.77544426494346 1043.4506053405548
80.92948717948717 1038.2392016059323
81.08108108108108 1033.1064206090803
81.23028391167193 1028.050516578727
81.37715179968701 1023.0697954077982
81.5217391304348 1018.1626127513006
81.66409861325114 1013.3273722081107
81.80428134556576 1008.5625235825524
81.9423368740516 1003.8665612286563
82.07831325301204 999.2380251144151
82.21225710014949 994.6768747388431
82.34421364985162 990.182273695778
82.47422680412372 985.7526930276224
82.60233918128655 981.3866567518653
82.72859216255442 977.0827392863064
82.85302593659944 972.8395629786592
82.97567954220314 968.6557959315066
83.09659090909092 964.5301497907652
83.21579689703809 960.4613777779393
83.33333333333333 956.4482728093445
83.44923504867873 952.4896657264458
83.5635359116022 948.5844236349926
83.67626886145405 944.7314483115542
83.7874659400545 940.929674767182
83.89715832205682 937.1780698084962
84.00537634408603 933.4756307330339
84.11214953271028 929.8213840787512
84.21750663129974 926.2143844519384
84.32147562582347 922.6537133561845
84.42408376963351 919.1384782262244
84.52535760728219 915.6678113386654
84.62532299741602 912.2408688876064
84.7240051347882 908.8568300768065
84.82142857142858 905.5148962567347
84.91761723700887 902.2142901128037
85.0125944584383 898.9542548468023
85.1063829787234 895.7340535061669
85.19900497512438 892.5529682135177
85.29048207663783 889.4102995159845
85.38083538083538 886.3053657412804
85.47008547008548 883.2375023831241
85.55825242718447 880.2060615226442
85.6453558504222 877.2104112317915
85.73141486810553 874.249935105909
85.81644815256257 871.3240316925911
85.9004739336493 868.4321140237606
85.98351001177856 865.5736091461421
86.06557377049181 862.7479576713297
86.1466821885914 859.9546133544379
86.22685185185185 857.1930426374994
86.30609896432682 854.4627243340665
86.38443935926773 851.7631491801161
86.46188850967008 849.0938194941831
86.53846153846155 846.454248826592
86.61417322834646 843.8439616222179
86.68903803131992 841.2624929103094
86.76307007786428 838.7093879293373
86.83628318584071 836.1842019430477
86.90869086908691 833.6864998554454
86.98030634573306 831.2158559665426
87.05114254624591 828.7718537047991
87.12121212121212 826.3540853691618
87.19052744886976 823.9621518804461
87.2591006423983 821.595662551119
87.32694355697551 819.2542348113578
87.39406779661017 816.9374940645221
87.4604847207587 814.6450734060121
87.52620545073376 812.3766134386474
87.59124087591242 810.1317620719041
87.65560165975104 807.9101743277439
87.71929824561404 805.711512153123
87.782340862423 803.5354442469978
87.84473953013278 801.3816458473214
87.90650406504066 799.2497986304708
87.96764408493428 797.1395904894632
88.02816901408451 795.0507153953143
88.08808808808809 792.9828732433289
88.14741035856574 790.935769704063
88.20614469772052 788.9091160790294
88.26429980276134 786.9026291705571
88.32188420019628 784.9160311025637
88.37890625 782.9490492682143
88.43537414965988 781.0014161374676
88.49129593810446 779.0728691556081
88.54667949951877 777.163150623515
88.60153256704982 775.2720075813659
88.65586272640611 773.3991916957033
88.70967741935483 771.544459163984
88.76298394711993 769.7075705442222
88.81578947368422 767.8882907649411
88.86810102899906 766.0863889334536
88.91992551210429 764.3016382680205
88.97126969416126 762.5338160030701
89.02214022140222 760.7827032972546
89.07254361799816 759.0480851438342
89.12248628884826 757.3297502836701
89.171974522293 755.6274911323535
89.22101449275362 753.9411036445554
89.26961226330027 752.2703873281832
89.31777378815082 750.6151450906457
473.0
0.0 472.99997736218404
4.03225806451613 796.5713815190275
7.751937984496124 1082.7320117184952
11.194029850746269 1340.125445365567
14.388489208633096 1573.1296049048474
17.36111111111111 1783.8138159046166
20.13422818791946 1972.8394692862541
22.727272727272727 2139.614164657882
25.15723270440252 2282.044162223628
27.439024390243905 2394.7242770847406
29.585798816568047 2465.1732501057218
31.60919540229885 2483.403121010364
33.5195530726257 2466.514856311499
35.32608695652174 2435.9817270367494
37.03703703703704 2401.0718572286933
38.659793814432994 2365.031404432165
40.20100502512563 2329.0822727389414
41.666666666666664 2293.729304420765
43.0622009569378 2259.1932302990567
44.39252336448599 2225.5706101160376
45.662100456621005 2192.8993054370885
46.875 2161.1875991484844
48.03493449781659 2130.4280369510134
49.14529914529914 2100.6043863023674
50.209205020920514 2071.6953214975306
51.229508196721305 2043.6764817600772
52.20883534136546 2016.5216894427986
53.14960629921261 1990.2037179736924
54.054054054054056 1964.6948077050317
54.92424242424243 1939.9670327254078
55.762081784386616 1915.992573457372
56.569343065693424 1892.743925066584
57.34767025089605 1870.1940588622767
58.098591549295776 1848.3165471752934
58.82352941176471 1827.0856586803275
59.523809523809526 1806.4764292343996
60.200668896321076 1786.4647122312479
60.85526315789473 1767.0272118063572
61.48867313915858 1748.1415017612483
62.101910828025474 1729.7860327074409
62.695924764890286 1711.9401295953928
63.27160493827161 1694.5839816256187
63.829787234042556 1677.698625920564
64.37125748502994 1661.2659266928952
64.89675516224189 1645.2685508319357
65.40697674418605 1629.6899409897658
65.90257879656161 1614.5142869766848
66.38418079096046 1599.726496120455
66.85236768802228 1585.3121631331314
67.3076923076923 1571.2575399142568
67.75067750677508 1557.5495056289403
68.18181818181817 1544.175537322173
68.60158311345647 1531.123681267228
69.01041666666666 1518.3825251934597
69.40874035989717 1505.9411714915673
69.79695431472082 1493.7892114802366
70.17543859649122 1481.9167007509072
70.54455445544554 1470.314135628515
70.90464547677261 1458.972430741532
71.25603864734299 1447.8828976900554
71.59904534606206 1437.0372247907064
71.93396226415094 1426.4274578686993
72.26107226107227 1416.0459820615456
72.58064516129032 1405.885504595852
72.89293849658314 1395.9390384964906
73.1981981981982 1386.1998871852857
73.49665924276168 1376.6616299266193
73.7885462555066 1367.318108077333
74.07407407407408 1358.1634120983733
74.35344827586206 1349.1918692877819
74.6268656716418 1340.3980321949625
74.89451476793249 1331.776667677908
75.15657620041753 1323.3227465669456
75.41322314049587 1315.0314339001034
75.66462167689161 1306.8980796956007
75.91093117408909 1298.9182102329382
76.15230460921843 1291.0875198087062
76.3888888888889 1283.4018629419868
76.62082514734774 1275.8572470013617
76.84824902723734 1268.4498252288524
77.07129094412332 1261.175890137233
77.29007633587786 1254.0318672582962
77.50472589792061 1247.0143092216495
77.71535580524346 1240.1198901442485
77.92207792207792 1233.345400312516
78.12500000000001 1226.6877411396558
78.32422586520946 1220.1439203823777
78.51985559566788 1213.7110476015484
78.71198568872988 1207.3863298530232
78.90070921985816 1201.1670675950288
79.08611599297014 1195.0506507998982
79.26829268292683 1189.0345552584783
79.44732297063904 1183.1163390661352
79.62328767123289 1177.293639280278
79.79626485568761 1171.5641687397626
79.96632996632998 1165.9257130370154
80.13355592654423 1160.3761276347284
80.29801324503312 1154.913335118793
80.45977011494254 1149.5353225803785
80.61889250814332 1144.2401391199662
80.77544426494346 1139.0258934667818
80.92948717948717 1133.8907517075656
81.08108108108108 1128.8329351186806
81.23028391167193 1123.8507180958836
81.37715179968701 1118.9424261794404
81.5217391304348 1114.1064341614606
81.66409861325114 1109.3411642834074
81.80428134556576 1104.6450845089703
81.9423368740516 1100.0167068729377
82.07831325301204 1095.4545859014577
82.21225710014949 1090.9573171001255
82.34421364985162 1086.5235355064533
82.47422680412372 1082.1519143035387
82.60233918128655 1077.8411634919476
82.72859216255442 1073.5900286169554
82.85302593659944 1069.3972895484578
82.97567954220314 1065.2617593110226
83.09659090909092 1061.1822829617092
83.21579689703809 1057.1577365133182
83.33333333333333 1053.1870259009993
83.44923504867873 1049.2690859901647
83.5635359116022 1045.4028796237685
83.67626886145405 1041.587396707139
83.7874659400545 1037.8216533286504
83.89715832205682 1034.1046909146366
84.00537634408603 1030.4355754168641
84.11214953271028 1026.8133965312818
84.21750663129974 1023.2372669465099
84.32147562582347 1019.7063216208137
84.42408376963351 1016.219717086255
84.52535760728219 1012.7766307789178
84.62532299741602 1009.3762603939755
84.7240051347882 1006.0178232645632
84.82142857142858 1002.7005557634751
84.91761723700887 999.4237077039952
85.0125944584383 996.1873147859619
85.1063829787234 992.9909574489373
85.19900497512438 989.8338645029204
85.29048207663783 986.7152863305173
85.38083538083538 983.6344940570174
85.47008547008548 980.5907787619111
85.55825242718447 977.5834507292732
85.6453558504222 974.6118387347009
85.73141486810553 971.6752893665782
85.81644815256257 968.773166379668
85.9004739336493 965.9048500790437
85.98351001177856 963.0697367328122
86.06557377049181 960.2672380116769
86.1466821885914 957.4967804541354
86.22685185185185 954.7578049556239
86.30609896432682 952.049766280468
86.38443935926773 949.3721325952329
86.46188850967008 946.7243850224459
86.53846153846155 944.1060172135315
86.61417322834646 941.5165349399173
86.68903803131992 938.955455701401
86.76307007786428 936.4223083508904
86.83628318584071 933.9166327346346
86.90869086908691 931.4379793471288
86.98030634573306 928.9859090000753
87.05114254624591 926.5599925045431
87.12121212121212 924.1598103673097
87.19052744886976 921.784952490509
87.2591006423983 919.4350179030668
87.32694355697551 917.1096144782593
87.39406779661017 914.8083586773714
87.4604847207587 912.5308752990613
87.52620545073376 910.2767972377767
87.59124087591242 908.0457652514074
87.65560165975104 905.8374277375451
87.71929824561404 903.6514405178888
87.782340862423 901.4874666303915
87.84473953013278 899.345176128968
87.90650406504066 897.2242458902084
87.96764408493428 895.1243594269848
88.02816901408451 893.0452067085054
88.08808808808809 890.9864839866543
88.14741035856574 888.947893628263
88.20614469772052 886.9291439530831
88.26429980276134 884.929949077269
88.32188420019628 882.9500287620766
88.37890625 880.9891082675902
88.43537414965988 879.0469182112732
88.49129593810446 877.1231944311697
88.54667949951877 875.2176778534786
88.60153256704982 873.3301143644655
88.65586272640611 871.4602546864181
88.70967741935483 869.6078542575465
88.76298394711993 867.7726731156641
88.81578947368422 865.9544757854956
88.86810102899906 864.153031169468
88.91992551210429 862.3681124418854
88.97126969416126 860.5994969462903
89.02214022140222 858.8469660960175
89.07254361799816 857.110305277612
89.12248628884826 855.3893037572864
89.171974522293 853.6837545900139
89.22101449275362 851.9934545313985
89.26961226330027 850.318203952054
89.31777378815082 848.6578067545379
573.0
0.0 572.9998788626618
4.03225806451613 890.9895698094213
7.751937984496124 1173.049982445856
11.194029850746269 1427.4365377108145
14.388489208633096 1657.4688537944116
17.36111111111111 1864.64339884968
20.13422818791946 2049.029013667759
22.727272727272727 2209.535737405491
25.15723270440252 2343.8173554998843
27.439024390243905 2447.0131406450414
29.585798816568047 2510.5164403495087
31.60919540229885 2530.2566872873317
33.5195530726257 2519.0921105732127
35.32608695652174 2493.511233679993
37.03703703703704 2462.3133550011285
38.659793814432994 2429.1575228617176
40.20100502512563 2395.573231492572
41.666666666666664 2362.240276724949
43.0622009569378 2329.4773523578506
44.39252336448599 2297.437993394931
45.662100456621005 2266.1951534735385
46.875 2235.780270640053
48.03493449781659 2206.2023666697673
49.14529914529914 2177.4578374641915
50.209205020920514 2149.5356825813833
51.229508196721305 2122.420409588478
52.20883534136546 2096.0937143413835
53.14960629921261 2070.5354990090063
54.054054054054056 2045.7245223016587
54.92424242424243 2021.6388392995113
55.762081784386616 1998.2561163939672
56.569343065693424 1975.5538678920593
57.34767025089605 1953.5096408341676
58.098591549295776 1932.101162457767
58.82352941176471 1911.3064592165097
59.523809523809526 1891.1039527841676
60.200668896321076 1871.4725367413155
60.85526315789473 1852.3916367252723
61.48867313915858 1833.841256292506
62.101910828025474 1815.802010437896
62.695924764890286 1798.2551484946443
63.27160493827161 1781.1825679980664
63.829787234042556 1764.5668208986367
64.37125748502994 1748.391113417041
64.89675516224189 1732.6393006608
65.40697674418605 1717.2958770035527
65.90257879656161 1702.345963095134
66.38418079096046 1687.7752902527861
66.85236768802228 1673.5701828764911
67.3076923076923 1659.7175394304215
67.75067750677508 1646.204812446347
68.18181818181817 1633.019987926056
68.60158311345647 1620.151564453459
69.01041666666666 1607.5885322658703
69.40874035989717 1595.3203524909243
69.79695431472082 1583.3369367020955
70.17543859649122 1571.6286269212796
70.54455445544554 1560.1861761599534
70.90464547677261 1549.0007295682435
71.25603864734299 1538.0638062401097
71.59904534606206 1527.367281706523
71.93396226415094 1516.9033711343084
72.26107226107227 1506.6646132380308
72.58064516129032 1496.6438549031918
72.89293849658314 1486.8342365123563
73.1981981981982 1477.2291779604511
73.49665924276168 1467.8223653416537
73.7885462555066 1458.6077382871133
74.07407407407408 1449.5794779307146
74.35344827586206 1440.7319954789016
74.6268656716418 1432.0599213594141
74.89451476793249 1423.5580949237317
75.15657620041753 1415.2215546775021
75.41322314049587 1407.0455290144587
75.66462167689161 1399.0254274282597
75.91093117408909 1391.1568321788857
76.15230460921843 1383.4354903899211
76.3888888888889 1375.8573065543223
76.62082514734774 1368.4183354270015
76.84824902723734 1361.1147752835655
77.07129094412332 1353.9429615254078
77.29007633587786 1346.8993606123274
77.50472589792061 1339.9805643048114
77.71535580524346 1333.183284198902
77.92207792207792 1326.5043465376482
78.12500000000001 1319.9406872838001
78.32422586520946 1313.4893474394262
78.51985559566788 1307.1474685987578
78.71198568872988 1300.9122887214762
78.90070921985816 1294.781138114222
79.08611599297014 1288.7514356090107
79.26829268292683 1282.8206849276553
79.44732297063904 1276.9864712221413
79.62328767123289 1271.2464577812398
79.79626485568761 1265.598382894515
79.96632996632998 1260.040056865106
80.13355592654423 1254.569359163274
80.29801324503312 1249.1842357133203
80.45977011494254 1243.8826963065912
80.61889250814332 1238.6628121339975
80.77544426494346 1233.5227134317531
80.92948717948717 1228.4605872343232
81.08108108108108 1223.4746752290587
81.23028391167193 1218.563271707246
81.37715179968701 1213.7247216065095
81.5217391304348 1208.95741864003
81.66409861325114 1204.2598035080184
81.80428134556576 1199.6303621874013
81.9423368740516 1195.0676242956501
82.07831325301204 1190.5701615251878
82.21225710014949 1186.1365861447407
82.34421364985162 1181.7655495644206
82.47422680412372 1177.4557409613435
82.60233918128655 1173.2058859628778
82.72859216255442 1169.0147453846903
82.85302593659944 1164.8811140209987
82.97567954220314 1160.8038194844578
83.09659090909092 1156.781721093443
83.21579689703809 1152.813708804312
83.33333333333333 1148.8987021867115
83.44923504867873 1145.0356494398338
83.5635359116022 1141.2235264477006
83.67626886145405 1137.4613358717424
83.7874659400545 1133.7481062789227
83.89715832205682 1130.0828913038283
84.00537634408603 1126.4647688430982
84.11214953271028 1122.8928402809088
84.21750663129974 1119.366229743944
84.32147562582347 1115.8840833846484
84.42408376963351 1112.4455686915153
84.52535760728219 1109.049873825199
84.62532299741602 1105.6962069793237
84.7240051347882 1102.3837957649166
84.82142857142858 1099.1118866175068
84.91761723700887 1095.87974422584
85.0125944584383 1092.6866509813642
85.1063829787234 1089.5319064475486
85.19900497512438 1086.4148268482356
85.29048207663783 1083.334744574235
85.38083538083538 1080.291007707402
85.47008547008548 1077.2829795614853
85.55825242718447 1074.3100382389762
85.6453558504222 1071.3715762035054
85.73141486810553 1068.46699986688
85.81644815256257 1065.5957291904585
85.9004739336493 1062.7571973000777
85.98351001177856 1059.9508501140838
86.06557377049181 1057.1761459839358
86.1466821885914 1054.4325553469007
86.22685185185185 1051.7195603903317
86.30609896432682 1049.0366547271224
86.38443935926773 1046.3833430818568
86.46188850967008 1043.7591409872903
86.53846153846155 1041.163574490745
86.61417322834646 1038.5961798700507
86.68903803131992 1036.0565033586183
86.76307007786428 1033.5441008794367
86.83628318584071 1031.0585377874731
86.90869086908691 1028.5993886203405
86.98030634573306 1026.166236856853
87.05114254624591 1023.7586746829178
87.12121212121212 1021.3763027653345
87.19052744886976 1019.018730032015
87.2591006423983 1016.6855734593288
87.32694355697551 1014.3764578659201
87.39406779661017 1012.0910157128707
87.4604847207587 1009.8288869099189
87.52620545073376 1007.5897186275704
87.59124087591242 1005.3731651148776
87.65560165975104 1003.1788875252646
87.71929824561404 1001.0065537346746
87.782340862423 998.8558931245921
87.84473953013278 996.7270017924573
87.90650406504066 994.6195776401262
87.96764408493428 992.5332873358686
88.02816901408451 990.4678048309619
88.08808808808809 988.4228111461882
88.14741035856574 986.3979941679445
88.20614469772052 984.3930484506483
88.26429980276134 982.4076750269874
88.32188420019628 980.441581224677
88.37890625 978.4944804907069
88.43537414965988 976.5660922203039
88.49129593810446 974.6561415938432
88.54667949951877 972.7643594178983
88.60153256704982 970.8904819726874
88.65586272640611 969.0342508651335
88.70967741935483 967.1954128853929
88.76298394711993 965.373719870466
88.81578947368422 963.5689285700572
88.86810102899906 961.7808005193665
88.91992551210429 960.0091019139419
88.97126969416126 958.2536034900496
89.02214022140222 956.5140804082743
89.07254361799816 954.7903121414479
89.12248628884826 953.082082365414
89.171974522293 951.3891788542393
89.22101449275362 949.7113933778941
89.26961226330027 948.0485216036635
89.31777378815082 946.4003630001953
673.0
0.0 672.999293700155
4.03225806451613 985.2239742045568
7.751937984496124 1263.673968024409
11.194029850746269 1514.9923543345874
14.388489208633096 1741.759569722066
17.36111111111111 1944.839394693762
20.13422818791946 2123.7177658513333
22.727272727272727 2276.9803842748283
25.15723270440252 2402.4185726238093
27.439024390243905 2496.3111580838727
29.585798816568047 2553.6322916210033
31.60919540229885 2574.068481862709
33.5195530726257 2567.6282905978087
35.32608695652174 2546.8230874013047
37.03703703703704 2519.4879589971147
38.659793814432994 2489.42656380019
40.20100502512563 2458.407626487663
41.666666666666664 2427.2771877824944
43.0622009569378 2396.4561415221906
44.39252336448599 2366.160138111646
45.662100456621005 2336.500781868945
46.875 2307.5345651840994
48.03493449781659 2279.287647994414
49.14529914529914 2251.7689154310847
50.209205020920514 2224.977096305436
51.229508196721305 2198.904760964907
52.20883534136546 2173.540630640191
53.14960629921261 2148.8709512634045
54.054054054054056 2124.8803388731094
54.92424242424243 2101.5523214564587
55.762081784386616 2078.8697033012695
56.569343065693424 2056.814823276533
57.34767025089605 2035.3697476794814
58.098591549295776 2014.51642089965
58.82352941176471 1994.2367872134669
59.523809523809526 1974.5128914129566
60.200668896321076 1955.3269628271908
60.85526315789473 1936.6614855614487
61.48867313915858 1918.4992568426117
62.101910828025474 1900.8234348667054
62.695924764890286 1883.6175772993681
63.27160493827161 1866.8656714314345
63.829787234042556 1850.5521569317623
64.37125748502994 1834.6619420732181
64.89675516224189 1819.1804142607414
65.40697674418605 1804.0934456367065
65.90257879656161 1789.387394481127
66.38418079096046 1775.049103063538
66.85236768802228 1761.0658925408527
67.3076923076923 1747.4255554317772
67.75067750677508 1734.1163461378223
68.18181818181817 1721.126969922043
68.60158311345647 1708.446570701977
69.01041666666666 1696.0647179642629
69.40874035989717 1683.9713930605558
69.79695431472082 1672.1569751063855
70.17543859649122 1660.6122266667392
70.54455445544554 1649.3282793811018
70.90464547677261 1638.2966196530394
71.25603864734299 1627.5090745057087
71.59904534606206 1616.9577976839564
71.93396226415094 1606.6352560664543
72.26107226107227 1596.5342164365484
72.58064516129032 1586.6477326479408
72.89293849658314 1576.969133210986
73.1981981981982 1567.4920093168064
73.49665924276168 1558.2102033092835
73.7885462555066 1549.1177976089775
74.07407407407408 1540.20910408863
74.35344827586206 1531.4786538958388
74.6268656716418 1522.9211877156001
74.89451476793249 1514.5316464630992
75.15657620041753 1506.3051623952704
75.41322314049587 1498.237050628426
75.66462167689161 1490.322801048187
75.91093117408909 1482.5580705974228
76.15230460921843 1474.9386759275685
76.3888888888889 1467.4605863983281
76.62082514734774 1460.119917411023
76.84824902723734 1452.9129240608675
77.07129094412332 1445.835995093649
77.29007633587786 1438.885647152775
77.50472589792061 1432.0585193028148
77.71535580524346 1425.3513678163783
77.92207792207792 1418.761061211351
78.12500000000001 1412.284575526244
78.32422586520946 1405.9189898217317
78.51985559566788 1399.6614818970234
78.71198568872988 1393.5093242103158
78.90070921985816 1387.459879992872
79.08611599297014 1381.5105995469205
79.26829268292683 1375.6590167179907
79.44732297063904 1369.9027455327896
79.62328767123289 1364.2394769940765
79.79626485568761 1358.6669760246073
79.96632996632998 1353.1830785524241
80.13355592654423 1347.7856887303526
80.29801324503312 1342.472776282781
80.45977011494254 1337.242373973322
80.61889250814332 1332.0925751870968
80.77544426494346 1327.0215316220074
80.92948717948717 1322.0274510833242
81.08108108108108 1317.1085953764577
81.23028391167193 1312.2632782930527
81.37715179968701 1307.4898636855696
81.5217391304348 1302.7867636261935
81.66409861325114 1298.1524366456115
81.80428134556576 1293.5853860479847
81.9423368740516 1289.0841582981955
82.07831325301204 1284.6473414778818
82.21225710014949 1280.2735638069623
82.34421364985162 1275.9614922274372
82.47422680412372 1271.709831046435
82.60233918128655 1267.5173206357847
82.72859216255442 1263.3827361852839
82.85302593659944 1259.3048865071862
82.97567954220314 1255.2826128895074
83.09659090909092 1251.3147879958437
83.21579689703809 1247.4003148094998
83.33333333333333 1243.5381256199357
83.44923504867873 1239.7271810495274
83.5635359116022 1235.9664691188552
83.67626886145405 1232.2550043486704
83.7874659400545 1228.59182689698
83.89715832205682 1224.9760017296085
84.00537634408603 1221.4066178227224
84.11214953271028 1217.882787395977
84.21750663129974 1214.4036451748213
84.32147562582347 1210.9683476807572
84.42408376963351 1207.5760725482858
84.52535760728219 1204.2260178674273
84.62532299741602 1200.917401550629
84.7240051347882 1197.6494607231095
84.82142857142858 1194.4214511355437
84.91761723700887 1191.2326465982164
85.0125944584383 1188.082338441201
85.1063829787234 1184.9698349664739
85.19900497512438 1181.8944609747066
85.29048207663783 1178.855557253803
85.38083538083538 1175.8524801132696
85.47008547008548 1172.8846009292965
85.55825242718447 1169.9513057058487
85.6453558504222 1167.051994651347
85.73141486810553 1164.1860817687552
85.81644815256257 1161.352994461918
85.9004739336493 1158.5521731530403
85.98351001177856 1155.783070914889
86.06557377049181 1153.0451531149906
86.1466821885914 1150.33789707062
86.22685185185185 1147.6607917175556
86.30609896432682 1145.013337287833
86.38443935926773 1142.395044999276
86.46188850967008 1139.8054367547516
86.53846153846155 1137.2440448516772
86.61417322834646 1134.710411700245
86.68903803131992 1132.2040895517928
86.76307007786428 1129.7246402348524
86.83628318584071 1127.2716349005188
86.90869086908691 1124.8446537724178
86.98030634573306 1122.4432859197846
87.05114254624591 1120.067129007528
87.12121212121212 1117.7157890843168
87.19052744886976 1115.388880362164
87.2591006423983 1113.0860250058815
87.32694355697551 1110.806852933112
87.39406779661017 1108.5510015976172
87.4604847207587 1106.3181158319135
87.52620545073376 1104.1078476303417
87.59124087591242 1101.9198559825934
87.65560165975104 1099.7538066962115
87.71929824561404 1097.6093722271085
87.782340862423 1095.4862315147977
87.84473953013278 1093.3840698227277
87.90650406504066 1091.3025785832406
87.96764408493428 1089.2414552469575
88.02816901408451 1087.2004031367387
88.08808808808809 1085.1791313059346
88.14741035856574 1083.1773544004186
88.20614469772052 1081.1947925248396
88.26429980276134 1079.231171112726
88.32188420019628 1077.2862208001006
88.37890625 1075.3596773028605
88.43537414965988 1073.4512812973733
88.49129593810446 1071.560778304783
88.54667949951877 1069.687918578377
88.60153256704982 1067.832456993841
88.65586272640611 1065.9941529428284
88.70967741935483 1064.1727702295423
88.76298394711993 1062.3680769698806
88.81578947368422 1060.5798454935666
88.86810102899906 1058.8078522487342
88.91992551210429 1057.0518777091834
88.97126969416126 1055.311706284319
89.02214022140222 1053.587126231187
89.07254361799816 1051.8779295689708
89.12248628884826 1050.1839119958722
89.171974522293 1048.5048728081697
89.22101449275362 1046.8406148211845
89.26961226330027 1045.1909442925723
89.31777378815082 1043.5556708475003
773.0
0.0 772.9958495351842
4.03225806451613 1079.833632992617
7.751937984496124 1354.8741830544905
11.194029850746269 1602.9744835808567
14.388489208633096 1826.0528282912371
17.36111111111111 2024.2911768060953
20.13422818791946 2196.682778235466
22.727272727272727 2341.7776740158074
25.15723270440252 2457.938753304873
27.439024390243905 2542.9628119634754
29.585798816568047 2594.800066004794
31.60919540229885 2615.3619445890076
33.5195530726257 2612.667947121493
35.32608695652174 2596.2315760629945
37.03703703703704 2572.731040180358
38.659793814432994 2545.866567811938
40.20100502512563 2517.5454618999884
41.666666666666664 2488.750681098788
43.0622009569378 2460.000136293482
44.39252336448599 2431.5730396965605
45.662100456621005 2403.622069352995
46.875 2376.230579422786
48.03493449781659 2349.4427836182845
49.14529914529914 2323.280198883551
50.209205020920514 2297.7508609584775
51.229508196721305 2272.8546163409164
52.20883534136546 2248.5862261476677
53.14960629921261 2224.9372221915514
54.054054054054056 2201.897038748258
54.92424242424243 2179.453718036485
55.762081784386616 2157.5943620977278
56.569343065693424 2136.3054324287286
57.34767025089605 2115.5729573142785
58.098591549295776 2095.382682452902
58.82352941176471 2075.7201859766606
59.523809523809526 2056.5709703232046
60.200668896321076 2037.9205382677508
60.85526315789473 2019.7544573747946
61.48867313915858 2002.0584153547486
62.101910828025474 1984.8182678008002
62.695924764890286 1968.020079228725
63.27160493827161 1951.650158050969
63.829787234042556 1935.6950859812796
64.37125748502994 1920.1417423054613
64.89675516224189 1904.977323435166
65.40697674418605 1890.1893581572294
65.90257879656161 1875.7657189902259
66.38418079096046 1861.6946300552556
66.85236768802228 1847.9646718582226
67.3076923076923 1834.5647833650105
67.75067750677508 1821.4842617304685
68.18181818181817 1808.7127600173994
68.60158311345647 1796.2402832155344
69.01041666666666 1784.0571828415673
69.40874035989717 1772.154150373849
69.79695431472082 1760.5222097473065
70.17543859649122 1749.1527091077555
70.54455445544554 1738.0373119998942
70.90464547677261 1727.1679881402604
71.25603864734299 1716.5370039054305
71.59904534606206 1706.136912646535
71.93396226415094 1695.9605449243113
72.26107226107227 1686.0009987437218
72.58064516129032 1676.2516298536207
72.89293849658314 1666.70604216559
73.1981981981982 1657.3580783355653
73.49665924276168 1648.2018105432903
73.7885462555066 1639.2315314969305
74.07407407407408 1630.4417456836786
74.35344827586206 1621.8271608819216
74.6268656716418 1613.3826799454384
74.89451476793249 1605.103392866624
75.15657620041753 1596.9845691221785
75.41322314049587 1589.021650302079
75.66462167689161 1581.2102430205084
75.91093117408909 1573.5461121054195
76.15230460921843 1566.0251740621688
76.3888888888889 1558.6434908053147
76.62082514734774 1551.3972636519522
76.84824902723734 1544.2828275691359
77.07129094412332 1537.296645667515
77.29007633587786 1530.4353039329812
77.50472589792061 1523.6955061878596
77.71535580524346 1517.0740692731263
77.92207792207792 1510.5679184430426
78.12500000000001 1504.174082963707
78.32422586520946 1497.8896919071578
78.51985559566788 1491.7119701325928
78.71198568872988 1485.6382344468866
78.90070921985816 1479.665889936254
79.08611599297014 1473.792426461657
79.26829268292683 1468.0154153104552
79.44732297063904 1462.3325059971921
79.62328767123289 1456.7414232066326
79.79626485568761 1451.239963872582
79.96632996632998 1445.8259943859396
80.13355592654423 1440.4974479261866
80.29801324503312 1435.2523219102732
80.45977011494254 1430.0886755535344
80.61889250814332 1425.0046275372233
80.77544426494346 1419.9983537777227
80.92948717948717 1415.0680852924845
81.08108108108108 1410.2121061582702
81.23028391167193 1405.4287515571566
81.37715179968701 1400.7164059062975
81.5217391304348 1396.0735010673673
81.66409861325114 1391.498514631982
81.80428134556576 1386.989968279556
81.9423368740516 1382.5464262040414
82.07831325301204 1378.166493606523
82.21225710014949 1373.8488152504224
82.34421364985162 1369.5920740764523
82.47422680412372 1365.394989874599
82.60233918128655 1361.2563180170002
82.72859216255442 1357.1748482094144
82.85302593659944 1353.1494033588128
82.97567954220314 1349.1788384217684
83.09659090909092 1345.2620393300942
83.21579689703809 1341.397921954416
83.33333333333333 1337.585431107211
83.44923504867873 1333.823539586627
83.5635359116022 1330.1112472563896
83.67626886145405 1326.44758016184
83.7874659400545 1322.8315896810427
83.89715832205682 1319.2623517070642
84.00537634408603 1315.7389658626917
84.11214953271028 1312.260554744259
84.21750663129974 1308.8262631950456
84.32147562582347 1305.4352576044457
84.42408376963351 1302.0867252346898
84.52535760728219 1298.7798735723366
84.62532299741602 1295.5139297025353
84.7240051347882 1292.2881397082049
84.82142857142858 1289.1017680896398
84.91761723700887 1285.9540972055352
85.0125944584383 1282.8444267348093
85.1063829787234 1279.7720731568907
85.19900497512438 1276.736369250933
85.29048207663783 1273.7366636133277
85.38083538083538 1270.7723201909773
85.47008547008548 1267.8427178323598
85.55825242718447 1264.9472498529155
85.6453558504222 1262.0853236169078
85.73141486810553 1259.2563601324619
85.81644815256257 1256.4597936613613
85.9004739336493 1253.6950713415163
85.98351001177856 1250.9616528227962
86.06557377049181 1248.259009914964
86.1466821885914 1245.5866262471282
86.22685185185185 1242.9439969389914
86.30609896432682 1240.3306282828032
86.38443935926773 1237.7460374358182
86.46188850967008 1235.1897521228966
86.53846153846155 1232.661310348812
86.61417322834646 1230.16026011994
86.68903803131992 1227.686159174839
86.76307007786428 1225.2385747215828
86.83628318584071 1222.8170831933887
86.90869086908691 1220.4212699986558
86.98030634573306 1218.0507292640473
87.05114254624591 1215.7050636511783
87.12121212121212 1213.3838840988994
87.19052744886976 1211.0868096168365
87.2591006423983 1208.8134670786812
87.32694355697551 1206.5634910202266
87.39406779661017 1204.3365234432524
87.4604847207587 1202.1322136256124
87.52620545073376 1199.9502179373019
87.59124087591242 1197.7901996618507
87.65560165975104 1195.651828823331
87.71929824561404 1193.5347820184245
87.782340862423 1191.4387422534096
87.84473953013278 1189.3633987861533
87.90650406504066 1187.3084469725757
87.96764408493428 1185.273588117828
88.02816901408451 1183.2585293315824
88.08808808808809 1181.2629833876479
88.14741035856574 1179.2866685877486
88.20614469772052 1177.3293086289752
88.26429980276134 1175.3906324752047
88.32188420019628 1173.4703742321778
88.37890625 1171.5682730259798
88.43537414965988 1169.6840728852007
88.49129593810446 1167.8175226261726
88.54667949951877 1165.9683757414887
88.60153256704982 1164.1363902916703
88.65586272640611 1162.3213287997548
88.70967741935483 1160.5229581489032
88.76298394711993 1158.741049482706
88.81578947368422 1156.975378108296
88.86810102899906 1155.225723401971
88.91992551210429 1153.4918687175912
88.97126969416126 1151.7736012971973
89.02214022140222 1150.0707121842158
89.07254361799816 1148.3829961388392
89.12248628884826 1146.710251555816
89.171974522293 1145.052280384242
89.22101449275362 1143.4088880496115
89.26961226330027 1141.7798833778004
89.31777378815082 1140.1650785211398
813.0
0.0 812.9921152180627
4.03225806451613 1117.8627057684248
7.751937984496124 1391.5469056163438
11.194029850746269 1638.2969379927174
14.388489208633096 1859.7484413985906
17.36111111111111 2055.8057041593165
20.13422818791946 2225.3150350335195
22.727272727272727 2366.9153949324586
25.15723270440252 2479.3109128783994
27.439024390243905 2560.95082136033
29.585798816568047 2610.7736967979376
31.60919540229885 2631.2686002975847
33.5195530726257 2629.823334558123
35.32608695652174 2614.9882917131313
37.03703703703704 2592.9770350944905
38.659793814432994 2567.3942698929854
40.20100502512563 2540.1720400939244
41.666666666666664 2512.3360612510996
43.0622009569378 2484.4393192831444
44.39252336448599 2456.7857584486464
45.662100456621005 2429.5447232972406
46.875 2402.810704506105
48.03493449781659 2376.6354286740016
49.14529914529914 2351.0455961874463
50.209205020920514 2326.0529453044273
51.229508196721305 2301.6600932974925
52.20883534136546 2277.86399327021
53.14960629921261 2254.6580151752896
54.054054054054056 2232.033218859223
54.92424242424243 2209.979146050666
55.762081784386616 2188.484322987069
56.569343065693424 2167.5365876452556
57.34767025089605 2147.1233099959672
58.098591549295776 2127.2315465542356
58.82352941176471 2107.8481541418923
59.523809523809526 2088.9598778482496
60.200668896321076 2070.553422134377
60.85526315789473 2052.6155103636975
61.48867313915858 2035.1329358416272
62.101910828025474 2018.0926061509695
62.695924764890286 2001.4815818205634
63.27160493827161 1985.287109957612
63.829787234042556 1969.496653259198
64.37125748502994 1954.0979147210428
64.89675516224189 1939.0788583249187
65.40697674418605 1924.4277259797802
65.90257879656161 1910.133050998239
66.38418079096046 1896.183668397874
66.85236768802228 1882.568722322314
67.3076923076923 1869.2776708769218
67.75067750677508 1856.3002886688128
68.18181818181817 1843.6266673303733
68.60158311345647 1831.2472142915285
69.01041666666666 1819.152650048514
69.40874035989717 1807.3340041581087
69.79695431472082 1795.7826101663252
70.17543859649122 1784.490099660008
70.54455445544554 1773.4483956102606
70.90464547677261 1762.6497051571957
71.25603864734299 1752.086511967666
71.59904534606206 1741.7515682805526
71.93396226415094 1731.637886739069
72.26107226107227 1721.7387320951993
72.58064516129032 1712.0476128589357
72.89293849658314 1702.5582729536252
73.1981981981982 1693.2646834286024
73.49665924276168 1684.161034271713
73.7885462555066 1675.2417263562338
74.07407407407408 1666.501363550283
74.35344827586206 1657.9347450108178
74.6268656716418 1649.5368576792396
74.89451476793249 1641.3028689915084
75.15657620041753 1633.2281198117585
75.41322314049587 1625.3081175955272
75.66462167689161 1617.5385297859425
75.91093117408909 1609.9151774440581
76.15230460921843 1602.4340291127291
76.3888888888889 1595.0911949119777
76.62082514734774 1587.8829208624486
76.84824902723734 1580.8055834327174
77.07129094412332 1573.855684305395
77.29007633587786 1567.0298453563046
77.50472589792061 1560.3248038407082
77.71535580524346 1553.7374077800735
77.92207792207792 1547.264611542773
78.12500000000001 1540.9034716119374
78.32422586520946 1534.6511425335846
78.51985559566788 1528.5048730381773
78.71198568872988 1522.4620023289144
78.90070921985816 1516.5199565299133
79.08611599297014 1510.6762452878274
79.26829268292683 1504.92845852038
79.44732297063904 1499.2742633056541
79.62328767123289 1493.7114009059337
79.79626485568761 1488.237683920333
79.96632996632998 1482.8509935604088
80.13355592654423 1477.5492770434118
80.29801324503312 1472.3305450977873
80.45977011494254 1467.1928695758584
80.61889250814332 1462.1343811741597
80.77544426494346 1457.1532672254662
80.92948717948717 1452.2477696355948
81.08108108108108 1447.416182857823
81.23028391167193 1442.6568519785094
81.37715179968701 1437.9681708769997
81.5217391304348 1433.3485804640293
81.66409861325114 1428.7965669935916
81.80428134556576 1424.3106604451943
81.9423368740516 1419.8894329729
82.07831325301204 1415.5314974186028
82.21225710014949 1411.235505886477
82.34421364985162 1407.000148375546
82.47422680412372 1402.8241514681117
82.60233918128655 1398.706277071269
82.72859216255442 1394.6453212091703
82.85302593659944 1390.6401128633745
82.97567954220314 1386.6895128597464
83.09659090909092 1382.7924127997935
83.21579689703809 1378.9477340337025
83.33333333333333 1375.1544266737244
83.44923504867873 1371.411468646914
83.5635359116022 1367.7178647832075
83.67626886145405 1364.072645940414
83.7874659400545 1360.4748681610754
83.89715832205682 1356.9236118631088
84.00537634408603 1353.417981060694
84.11214953271028 1349.957102613746
84.21750663129974 1346.5401255071667
84.32147562582347 1343.1662201556119
84.42408376963351 1339.8345777350744
84.52535760728219 1336.5444095387625
84.62532299741602 1333.29494635667
84.7240051347882 1330.0854378778536
84.82142857142858 1326.9151521147699
84.91761723700887 1323.78337484778
85.0125944584383 1320.6894090904027
85.1063829787234 1317.6325745729087
85.19900497512438 1314.612207245004
85.29048207663783 1311.627658795599
85.38083538083538 1308.6782961898057
85.47008547008548 1305.7635012216963
85.55825242718447 1302.8826700834204
85.6453558504222 1300.0352129481114
85.73141486810553 1297.2205535684159
85.81644815256257 1294.438128887483
85.9004739336493 1291.6873886642584
85.98351001177856 1288.9677951109093
86.06557377049181 1286.2788225426525
86.1466821885914 1283.6199570390559
86.22685185185185 1280.9906961171216
86.30609896432682 1278.390548414629
86.38443935926773 1275.8190333843152
86.46188850967008 1273.2756809979694
86.53846153846155 1270.7600314601705
86.61417322834646 1268.2716349312539
86.68903803131992 1265.8100512666383
86.76307007786428 1263.3748497247755
86.83628318584071 1260.965608770799
86.90869086908691 1258.581915792245
86.98030634573306 1256.22336687553
87.05114254624591 1253.8895665767163
87.12121212121212 1251.5801277013684
87.19052744886976 1249.2946710910687
87.2591006423983 1247.0328254154601
87.32694355697551 1244.7942269710793
87.39406779661017 1242.578519486703
87.4604847207587 1240.3853539341264
87.52620545073376 1238.2143883452702
87.59124087591242 1236.0652876342333
87.65560165975104 1233.937723425153
87.71929824561404 1231.8313738849286
87.782340862423 1229.745923561062
87.84473953013278 1227.6810632242607
87.90650406504066 1225.6364897155918
87.96764408493428 1223.6119057983494
88.02816901408451 1221.6070200139034
88.08808808808809 1219.6215465420737
88.14741035856574 1217.655205065373
88.20614469772052 1215.7077206370393
88.26429980276134 1213.7788235531634
88.32188420019628 1211.8682492280748
88.37890625 1209.9757380736364
88.43537414965988 1208.1010353816455
88.49129593810446 1206.2438912097455
88.54667949951877 1204.4040602703308
88.60153256704982 1202.5813018227386
88.65586272640611 1200.7753795683316
88.70967741935483 1198.9860615484113
88.76298394711993 1197.2131200451263
88.81578947368422 1195.4563314848444
88.86810102899906 1193.715476344326
88.91992551210429 1191.9903390593968
88.97126969416126 1190.2807079360368
89.02214022140222 1188.5863750639505
89.07254361799816 1186.9071362322804
89.12248628884826 1185.2427908477457
89.171974522293 1183.5931418548657
89.22101449275362 1181.957995658235
89.26961226330027 1180.3371620469568
89.31777378815082 1178.7304541208975
863.0
0.0 862.9835309505617
4.03225806451613 1165.5555875714251
7.751937984496124 1437.5390020666023
11.194029850746269 1682.5350836126256
14.388489208633096 1901.8085017535477
17.36111111111111 2094.922631075037
20.13422818791946 2260.5988770141967
22.727272727272727 2397.6788933621006
25.15723270440252 2505.367455337158
27.439024390243905 2582.9273085855325
29.585798816568047 2630.3661940033817
31.60919540229885 2650.7043505391
33.5195530726257 2650.6388802082215
35.32608695652174 2637.676782996883
37.03703703703704 2617.47121465096
38.659793814432994 2593.4762751481835
40.20100502512563 2567.631329629547
41.666666666666664 2541.004340358895
43.0622009569378 2514.1878025595884
44.39252336448599 2487.5152378781595
45.662100456621005 2461.1766325716244
46.875 2435.280565398351
48.03493449781659 2409.8883675044567
49.14529914529914 2385.0333659739904
50.209205020920514 2360.7319794486903
51.229508196721305 2336.99024970021
52.20883534136546 2313.8077556462526
53.14960629921261 2291.179994671757
54.054054054054056 2269.099850748881
54.92424242424243 2247.5585108618407
55.762081784386616 2226.5460446447273
56.569343065693424 2206.051776915798
57.34767025089605 2186.0645322592127
58.098591549295776 2166.5728003109957
58.82352941176471 2147.564851757149
59.523809523809526 2129.0288235312382
60.200668896321076 2110.952784537786
60.85526315789473 2093.3247887710986
61.48867313915858 2076.132919934972
62.101910828025474 2059.3653299720963
62.695924764890286 2043.0102728847896
63.27160493827161 2027.0561346276281
63.829787234042556 2011.4914595112236
64.37125748502994 1996.3049733771243
64.89675516224189 1981.4856037195607
65.40697674418605 1967.0224968994266
65.90257879656161 1952.9050325940568
66.38418079096046 1939.1228356370686
66.85236768802228 1925.6657854169978
67.3076923076923 1912.5240230161623
67.75067750677508 1899.6879562805882
68.18181818181817 1887.148263016057
68.60158311345647 1874.8958925056556
69.01041666666666 1862.922065539659
69.40874035989717 1851.2182731417543
69.79695431472082 1839.7762741655554
70.17543859649122 1828.5880919238912
70.54455445544554 1817.6460100008499
70.90464547677261 1806.9425673834871
71.25603864734299 1796.4705530369333
71.59904534606206 1786.2230000337931
71.93396226415094 1776.1931793363685
72.26107226107227 1766.3745933186476
72.58064516129032 1756.7609691039859
72.89293849658314 1747.3462517846067
73.1981981981982 1738.1245975797158
73.49665924276168 1729.0903669809527
73.7885462555066 1720.2381179264046
74.07407407407408 1711.5625990377177
74.35344827586206 1703.058742949274
74.6268656716418 1694.7216597529089
74.89451476793249 1686.546630577379
75.15657620041753 1678.5291013177182
75.41322314049587 1670.6646765262672
75.66462167689161 1662.9491134742486
75.91093117408909 1655.3783163901296
76.15230460921843 1647.9483308789668
76.3888888888889 1640.655338525085
76.62082514734774 1633.4956516787477
76.84824902723734 1626.4657084265405
77.07129094412332 1619.5620677436582
77.29007633587786 1612.7814048258117
77.50472589792061 1606.1205065975091
77.71535580524346 1599.5762673930396
77.92207792207792 1593.1456848058815
78.12500000000001 1586.825855702104
78.32422586520946 1580.6139723929598
78.51985559566788 1574.5073189616082
78.71198568872988 1568.5032677390568
78.90070921985816 1562.5992759240428
79.08611599297014 1556.7928823417456
79.26829268292683 1551.0817043362335
79.44732297063904 1545.46343479147
79.62328767123289 1539.9358392759664
79.79626485568761 1534.4967533061085
79.96632996632998 1529.1440797233445
80.13355592654423 1523.8757861876336
80.29801324503312 1518.689902740368
80.45977011494254 1513.5845195360196
80.61889250814332 1508.5577846097553
80.77544426494346 1503.6079017505415
80.92948717948717 1498.7331284772577
81.08108108108108 1493.9317740878507
81.23028391167193 1489.2021977909214
81.37715179968701 1484.5428069143322
81.5217391304348 1479.9520551876865
81.66409861325114 1475.4284410945834
81.80428134556576 1470.9705062926548
81.9423368740516 1466.5768340971802
82.07831325301204 1462.2460480267841
82.21225710014949 1457.9768104075556
82.34421364985162 1453.767821033088
82.47422680412372 1449.617815878967
82.60233918128655 1445.5255658670533
82.72859216255442 1441.48987568019
82.85302593659944 1437.5095826230552
82.97567954220314 1433.5835555279946
83.09659090909092 1429.7106937039034
83.21579689703809 1425.8899259254954
83.33333333333333 1422.1202094625003
83.44923504867873 1418.4005291458989
83.5635359116022 1414.729896469891
83.67626886145405 1411.107348728733
83.7874659400545 1407.5319481860322
83.89715832205682 1404.0027812752915
84.00537634408603 1400.5189578311883
84.11214953271028 1397.079610348798
84.21750663129974 1393.6838932713295
84.32147562582347 1390.3309823036097
84.42408376963351 1387.0200737509983
84.52535760728219 1383.7503838828616
84.62532299741602 1380.5211483190276
84.7240051347882 1377.331621438606
84.82142857142858 1374.181075809892
84.91761723700887 1371.0688016413767
85.0125944584383 1367.9941062516905
85.1063829787234 1364.9563135588037
85.19900497512438 1361.9547635871984
85.29048207663783 1358.9888119923173
85.38083538083538 1356.0578296016834
85.47008547008548 1353.1612019720376
85.55825242718447 1350.2983289619024
85.6453558504222 1347.4686243183846
85.73141486810553 1344.6715152789204
85.81644815256257 1341.906442185966
85.9004739336493 1339.1728581148113
85.98351001177856 1336.4702285143562
86.06557377049181 1333.7980308596268
86.1466821885914 1331.1557543157137
86.22685185185185 1328.5428994133258
86.30609896432682 1325.9589777347285
86.38443935926773 1323.403511610106
86.46188850967008 1320.8760338237778
86.53846153846155 1318.3760873301828
86.61417322834646 1315.9032249809363
86.68903803131992 1313.4570092483539
86.76307007786428 1311.037011986524
86.83628318584071 1308.6428141673962
86.90869086908691 1306.2740056420384
86.98030634573306 1303.9301849088963
87.05114254624591 1301.6109588865008
87.12121212121212 1299.3159426939349
87.19052744886976 1297.0447594380955
87.2591006423983 1294.7970400077538
87.32694355697551 1292.572422873708
87.39406779661017 1290.3705538952122
87.4604847207587 1288.1910861321885
87.52620545073376 1286.0336796632728
87.59124087591242 1283.8980014091378
87.65560165975104 1281.7837249613733
87.71929824561404 1279.690530416198
87.782340862423 1277.6181042133808
87.84473953013278 1275.5661389797056
87.90650406504066 1273.5343333771687
87.96764408493428 1271.5223919555956
88.02816901408451 1269.530025009517
88.08808808808809 1267.556948439244
88.14741035856574 1265.6028836159212
88.20614469772052 1263.6675572504992
88.26429980276134 1261.7507012663448
88.32188420019628 1259.8520526756738
88.37890625 1257.9713534592495
88.43537414965988 1256.108350449695
88.49129593810446 1254.262795217868
88.54667949951877 1252.4344439626136
88.60153256704982 1250.6230574034048
88.65586272640611 1248.8284006761326
88.70967741935483 1247.0502432315516
88.76298394711993 1245.2883587367614
88.81578947368422 1243.5425249791667
88.86810102899906 1241.8125237731158
88.91992551210429 1240.0981408691434
88.97126969416126 1238.3991658655784
89.02214022140222 1236.7153921225072
89.07254361799816 1235.0466166780618
89.12248628884826 1233.392640167016
89.171974522293 1231.7532667413598
89.22101449275362 1230.1283039931322
89.26961226330027 1228.5175628791803
89.31777378815082 1226.9208576479198
873.0
0.0 872.9810800322261
4.03225806451613 1175.1141837866292
7.751937984496124 1446.7559145466757
11.194029850746269 1691.3911617875892
14.388489208633096 1910.2079915232193
17.36111111111111 2102.7033821309706
20.13422818791946 2267.58293148246
22.727272727272727 2403.74122879437
25.15723270440252 2510.4914516680733
27.439024390243905 2587.2563228707972
29.585798816568047 2634.2356180896695
31.60919540229885 2654.5339392690225
33.5195530726257 2654.721702683495
35.32608695652174 2642.1166149229703
37.03703703703704 2622.2635047389285
38.659793814432994 2598.58306667597
40.20100502512563 2573.0131668327135
41.666666666666664 2546.6286671666626
43.0622009569378 2520.0293069859895
44.39252336448599 2493.5542900245364
45.662100456621005 2467.3976747554057
46.875 2441.670865690538
48.03493449781659 2416.4371389903363
49.14529914529914 2391.731167901236
50.209205020920514 2367.570318121399
51.229508196721305 2343.961316330933
52.20883534136546 2320.904256752438
53.14960629921261 2298.395044448246
54.054054054054056 2276.4269045457463
54.92424242424243 2254.991325529509
55.762081784386616 2234.0786560273837
56.569343065693424 2213.678487870832
57.34767025089605 2193.7799067197434
58.098591549295776 2174.3716603988782
58.82352941176471 2155.4422759977915
59.523809523809526 2136.9801449530323
60.200668896321076 2118.97358794909
60.85526315789473 2101.4109068588446
61.48867313915858 2084.2804280655814
62.101910828025474 2067.570539728832
62.695924764890286 2051.269724469785
63.27160493827161 2035.3665883086467
63.829787234042556 2019.84988631516
64.37125748502994 2004.7085452349472
64.89675516224189 1989.931683256621
65.40697674418605 1975.5086270470686
65.90257879656161 1961.4289261761546
66.38418079096046 1947.6823650616077
66.85236768802228 1934.258972579313
67.3076923076923 1921.1490294987234
67.75067750677508 1908.343073914057
68.18181818181817 1895.8319048489793
68.60158311345647 1883.6065842148187
69.01041666666666 1871.6584373005817
69.40874035989717 1859.979051968043
69.79695431472082 1848.5602767174266
70.17543859649122 1837.3942177793751
70.54455445544554 1826.4732353779877
70.90464547677261 1815.7899392978725
71.25603864734299 1805.3371838762316
71.59904534606206 1795.1080625289433
71.93396226415094 1785.0959019080176
72.26107226107227 1775.2942557768054
72.58064516129032 1765.696898678882
72.89293849658314 1756.2978194668622
73.1981981981982 1747.0912147486486
73.49665924276168 1738.0714823005396
73.7885462555066 1729.2332144891777
74.07407407407408 1720.5711917380922
74.35344827586206 1712.0803760687206
74.6268656716418 1703.7559047403429
74.89451476793249 1695.5930840094381
75.15657620041753 1687.5873830244386
75.41322314049587 1679.734427868807
75.66462167689161 1672.0299957622444
75.91093117408909 1664.4700094271775
76.15230460921843 1657.0505316256776
76.3888888888889 1649.767759869894
76.62082514734774 1642.618021307589
76.84824902723734 1635.5977677829871
77.07129094412332 1628.7035710721193
77.29007633587786 1621.9321182906874
77.50472589792061 1615.280207472041
77.71535580524346 1608.7447433119335
77.92207792207792 1602.322733076444
78.12500000000001 1596.0112826689642
78.32422586520946 1589.8075928518576
78.51985559566788 1583.7089556183025
78.71198568872988 1577.7127507094262
78.90070921985816 1571.816442272125
79.08611599297014 1566.0175756525007
79.26829268292683 1560.3137743202044
79.44732297063904 1554.7027369187251
79.62328767123289 1549.182234436939
79.79626485568761 1543.7501074971337
79.96632996632998 1538.4042637620773
80.13355592654423 1533.142675413358
80.29801324503312 1527.9633768060319
80.45977011494254 1522.86446214496
80.61889250814332 1517.844083305309
80.77544426494346 1512.9004477134733
80.92948717948717 1508.0318163371858
81.08108108108108 1503.2365017469263
81.23028391167193 1498.51286625941
81.37715179968701 1493.859320157904
81.5217391304348 1489.2743199833455
81.66409861325114 1484.7563668970195
81.80428134556576 1480.3040051084583
81.9423368740516 1475.915820367474
82.07831325301204 1471.5904385172014
82.21225710014949 1467.3265241045904
82.34421364985162 1463.122779047187
82.47422680412372 1458.977941353258
82.60233918128655 1454.89078389165
82.72859216255442 1450.8601132113643
82.85302593659944 1446.8847684076252
82.97567954220314 1442.9636200310679
83.09659090909092 1439.0955690416938
83.21579689703809 1435.27954580155
83.33333333333333 1431.5145091071693
83.44923504867873 1427.7994452592845
83.5635359116022 1424.1333671683767
83.67626886145405 1420.515313493348
83.7874659400545 1416.9443478143044
83.89715832205682 1413.4195578354263
84.00537634408603 1409.94005461816
84.11214953271028 1406.5049718432276
84.21750663129974 1403.113465099998
84.32147562582347 1399.7647112019022
84.42408376963351 1396.4579075275624
84.52535760728219 1393.192271385482
84.62532299741602 1389.9670394021928
84.7240051347882 1386.7814669325785
84.82142857142858 1383.6348274914535
84.91761723700887 1380.5264122054589
85.0125944584383 1377.4555292845234
85.1063829787234 1374.4215035121165
85.19900497512438 1371.4236757535016
85.29048207663783 1368.461402481407
85.38083538083538 1365.5340553179367
85.47008547008548 1362.6410205926618
85.55825242718447 1359.7816989160608
85.6453558504222 1356.9555047673782
85.73141486810553 1354.161866096675
85.81644815256257 1351.4002239407569
85.9004739336493 1348.6700320513662
85.98351001177856 1345.9707565368826
86.06557377049181 1343.3018755151074
86.1466821885914 1340.6628787781983
86.22685185185185 1338.0532674685878
86.30609896432682 1335.4725537654565
86.38443935926773 1332.9202605816752
86.46188850967008 1330.3959212705415
86.53846153846155 1327.8990793421215
86.61417322834646 1325.4292881898677
86.68903803131992 1322.9861108188072
86.76307007786428 1320.5691196002638
86.83628318584071 1318.1778960122917
86.90869086908691 1315.8120304019094
86.98030634573306 1313.4711217522774
87.05114254624591 1311.1547774560015
87.12121212121212 1308.8626130960029
87.19052744886976 1306.5942522331493
87.2591006423983 1304.3493262005156
87.32694355697551 1302.1274739039277
87.39406779661017 1299.928341628513
87.4604847207587 1297.7515828514001
87.52620545073376 1295.5968580597537
87.59124087591242 1293.4638345746173
87.65560165975104 1291.3521863797337
87.71929824561404 1289.261593955781
87.782340862423 1287.1917441192259
87.84473953013278 1285.1423298662028
87.90650406504066 1283.113050220853
87.96764408493428 1281.1036100880551
88.02816901408451 1279.1137201106164
88.08808808808809 1277.143096530403
88.14741035856574 1275.1914610537015
88.20614469772052 1273.258540720197
88.26429980276134 1271.3440677758554
88.32188420019628 1269.4477795494909
88.37890625 1267.5694183326063
88.43537414965988 1265.7087312628255
88.49129593810446 1263.8654702104945
88.54667949951877 1262.0393916684113
88.60153256704982 1260.2302566448122
88.65586272640611 1258.4378305590328
88.70967741935483 1256.6618831403493
88.76298394711993 1254.902188329337
88.81578947368422 1253.1585241820985
88.86810102899906 1251.4306727769692
88.91992551210429 1249.7184201238813
88.97126969416126 1248.0215560759946
89.02214022140222 1246.339874243905
89.07254361799816 1244.673171911917
89.12248628884826 1243.0212499567665
89.171974522293 1241.3839127683182
89.22101449275362 1239.7609681724625
89.26961226330027 1238.1522273559483
89.31777378815082 1236.557504793254
973.0
0.0 972.9343026767438
4.03225806451613 1270.9957823014615
7.751937984496124 1539.166049153258
11.194029850746269 1779.967813313388
14.388489208633096 1993.7836033208723
17.36111111111111 2179.5148689955204
20.13422818791946 2335.913343434876
22.727272727272727 2462.620495100002
25.15723270440252 2560.1289974610127
27.439024390243905 2629.3512985452835
29.585798816568047 2672.0324719120285
31.60919540229885 2691.807883202427
33.5195530726257 2694.152047589302
35.32608695652174 2684.790807281212
37.03703703703704 2668.273011873257
38.659793814432994 2647.648766175928
40.20100502512563 2624.794294357815
41.666666666666664 2600.824994307584
43.0622009569378 2576.3992632216446
44.39252336448599 2551.907362105303
45.662100456621005 2527.5820963681713
46.875 2503.5627667856406
48.03493449781659 2479.9323225718063
49.14529914529914 2456.7392421633103
50.209205020920514 2434.010631115228
51.229508196721305 2411.7601905761057
52.20883534136546 2389.9931373090863
53.14960629921261 2368.7092804801546
54.054054054054056 2347.904966148488
54.92424242424243 2327.5743165411814
55.762081784386616 2307.7100250988374
56.569343065693424 2288.3038692556042
57.34767025089605 2269.3470428006717
58.098591549295776 2250.8303725594556
58.82352941176471 2232.7444608752803
59.523809523809526 2215.0797806031205
60.200668896321076 2197.8267398449098
60.85526315789473 2180.9757275171446
61.48867313915858 2164.517146846341
62.101910828025474 2148.441441280803
62.695924764890286 2132.7391156106264
63.27160493827161 2117.4007539889512
63.829787234042556 2102.417035844984
64.37125748502994 2087.778750238186
64.89675516224189 2073.476808934305
65.40697674418605 2059.5022583274467
65.90257879656161 2045.8462902482813
66.38418079096046 2032.500251659335
66.85236768802228 2019.4556532268416
67.3076923076923 2006.7041767622861
67.75067750677508 1994.2376815385328
68.18181818181817 1982.0482094999097
68.60158311345647 1970.1279894003742
69.01041666666666 1958.4694399168798
69.40874035989717 1947.0651717958426
69.79695431472082 1935.9079890985447
70.17543859649122 1924.9908896167758
70.54455445544554 1914.3070645328908
70.90464547677261 1903.8498973996934
71.25603864734299 1893.6129625144208
71.59904534606206 1883.5900227593834
71.93396226415094 1873.775026978355
72.26107226107227 1864.162106954239
72.58064516129032 1854.7455740488635
72.89293849658314 1845.5199155614575
73.1981981981982 1836.4797908572812
73.49665924276168 1827.620027313335
73.7885462555066 1818.935616123321
74.07407407407408 1810.4217079996147
74.35344827586206 1802.073608805726
74.6268656716418 1793.8867751487676
74.89451476793249 1785.8568099578224
75.15657620041753 1777.9794580706036
75.41322314049587 1770.2506018477827
75.66462167689161 1762.6662568315437
75.91093117408909 1755.2225674623198
76.15230460921843 1747.9158028654786
76.3888888888889 1740.7423527176388
76.62082514734774 1733.6987232004813
76.84824902723734 1726.7815330484038
77.07129094412332 1719.987509694866
77.29007633587786 1713.3134855211201
77.50472589792061 1706.7563942172135
77.71535580524346 1700.313267212967
77.92207792207792 1693.9812302901341
78.12500000000001 1687.7575002282542
78.32422586520946 1681.6393815953645
78.51985559566788 1675.6242636363493
78.71198568872988 1669.7096172685353
78.90070921985816 1663.8929921789736
79.08611599297014 1658.1720140240736
79.26829268292683 1652.5443817279252
79.44732297063904 1647.0078648789615
79.62328767123289 1641.5603012204156
79.79626485568761 1636.199594231798
79.96632996632998 1630.923710801761
80.13355592654423 1625.7306789862655
80.29801324503312 1620.6185858488718
80.45977011494254 1615.5855753911749
80.61889250814332 1610.629846544637
80.77544426494346 1605.7496512551734
80.92948717948717 1600.9432926318427
81.08108108108108 1596.2091231680702
81.23028391167193 1591.5455430308177
81.37715179968701 1586.9509984145502
81.5217391304348 1582.4239799586908
81.66409861325114 1577.9630212250254
81.80428134556576 1573.5666972335512
81.9423368740516 1569.233623054294
82.07831325301204 1564.9624524522294
82.21225710014949 1560.7518765847237
82.34421364985162 1556.600622747878
82.47422680412372 1552.5074531702362
82.60233918128655 1548.4711638530089
82.72859216255442 1544.4905834531119
82.85302593659944 1540.564572209399
82.97567954220314 1536.6920209081304
83.09659090909092 1532.8718498882315
83.21579689703809 1529.1030080828461
83.33333333333333 1525.3844720974548
83.44923504867873 1521.715245321299
83.5635359116022 1518.0943570725954
83.67626886145405 1514.52086177448
83.7874659400545 1510.9938381618235
83.89715832205682 1507.5123885167486
84.00537634408603 1504.0756379319575
84.11214953271028 1500.6827336011895
84.21750663129974 1497.3328441348485
84.32147562582347 1494.025158900732
84.42408376963351 1490.7588873881357
84.52535760728219 1487.5332585946244
84.62532299741602 1484.3475204348936
84.7240051347882 1481.2009391703211
84.82142857142858 1478.092798858709
84.91761723700887 1475.0224008233422
85.0125944584383 1471.98906314057
85.1063829787234 1468.992120145324
85.19900497512438 1466.030921953544
85.29048207663783 1463.1048340013642
85.38083538083538 1460.2132365997268
85.47008547008548 1457.3555245046812
85.55825242718447 1454.5311065018527
85.6453558504222 1451.7394050051578
85.73141486810553 1448.979855669178
85.81644815256257 1446.2519070142428
85.9004739336493 1443.5550200642663
85.98351001177856 1440.8886679964087
86.06557377049181 1438.252335802511
86.1466821885914 1435.6455199615298
86.22685185185185 1433.0677281227222
86.30609896432682 1430.5184787992607
86.38443935926773 1427.9973010715958
86.46188850967008 1425.5037343001816
86.53846153846155 1423.0373278491852
86.61417322834646 1420.5976408154359
86.68903803131992 1418.1842417695725
86.76307007786428 1415.7967085036096
86.83628318584071 1413.4346277868447
86.90869086908691 1411.0975951293688
86.98030634573306 1408.785214553001
87.05114254624591 1406.4970983693397
87.12121212121212 1404.232866964612
87.19052744886976 1401.9921485913094
87.2591006423983 1399.7745791659686
87.32694355697551 1397.5798020733712
87.39406779661017 1395.4074679764758
87.4604847207587 1393.257234632203
87.52620545073376 1391.1287667127788
87.59124087591242 1389.0217356323185
87.65560165975104 1386.9358193786657
87.71929824561404 1384.8707023502282
87.782340862423 1382.826075197532
87.84473953013278 1380.8016346695247
87.90650406504066 1378.7970834643231
87.96764408493428 1376.812130084338
88.02816901408451 1374.8464886955726
88.08808808808809 1372.899878990948
88.14741035856574 1370.9720260576669
88.20614469772052 1369.0626602482205
88.26429980276134 1367.171517055175
88.32188420019628 1365.2983369894337
88.37890625 1363.4428654620006
88.43537414965988 1361.6048526689842
88.49129593810446 1359.7840534798663
88.54667949951877 1357.9802273288778
88.60153256704982 1356.1931381093825
88.65586272640611 1354.4225540711213
88.70967741935483 1352.6682477203315
88.76298394711993 1350.929995722609
88.81578947368422 1349.2075788083591
88.86810102899906 1347.5007816808172
88.91992551210429 1345.809392926615
88.97126969416126 1344.133204928656
89.02214022140222 1342.4720137813956
89.07254361799816 1340.8256192083236
89.12248628884826 1339.1938244816627
89.171974522293 1337.5764363441735
89.22101449275362 1335.9732649330579
89.26961226330027 1334.3841237057352
89.31777378815082 1332.8088293677242
1073.0
0.0 1072.8167513616665
4.03225806451613 1367.118708481956
7.751937984496124 1631.655588097452
11.194029850746269 1868.1127429796215
14.388489208633096 2076.0306769946437
17.36111111111111 2253.9422227311484
20.13422818791946 2401.075664033327
22.727272727272727 2518.1427997444735
25.15723270440252 2606.847063018716
27.439024390243905 2669.2939378473375
29.585798816568047 2708.1793211693275
31.60919540229885 2727.267061211822
33.5195530726257 2731.1791895911538
35.32608695652174 2724.4851433113295
37.03703703703704 2710.9123534762207
38.659793814432994 2693.119577714227
40.20100502512563 2672.858321196361
41.666666666666664 2651.237008205227
43.0622009569378 2628.94581944855
44.39252336448599 2606.4128853585157
45.662100456621005 2583.904046344345
46.875 2561.584488974573
48.03493449781659 2539.5565016495293
49.14529914529914 2517.882684230841
50.209205020920514 2496.600348270445
51.229508196721305 2475.7305542930894
52.20883534136546 2455.2838502032682
53.14960629921261 2435.263954842989
54.054054054054056 2415.6701449694347
54.92424242424243 2396.498813844739
55.762081784386616 2377.7444947536364
56.569343065693424 2359.400535531925
57.34767025089605 2341.4595437880976
58.098591549295776 2323.913680621358
58.82352941176471 2306.7548539354166
59.523809523809526 2289.9748451776495
60.200668896321076 2273.5653920308177
60.85526315789473 2257.5182421213967
61.48867313915858 2241.825187818134
62.101910828025474 2226.478088852065
62.695924764890286 2211.4688872269544
63.27160493827161 2196.789617359116
63.829787234042556 2182.432413349433
64.37125748502994 2168.3895145916376
64.89675516224189 2154.653270452334
65.40697674418605 2141.2161444486337
65.90257879656161 2128.0707181471007
66.38418079096046 2115.2096948874637
66.85236768802228 2102.6259033360698
67.3076923076923 2090.3123008736206
67.75067750677508 2078.261976751224
68.18181818181817 2066.46815498006
68.60158311345647 2054.9241969053132
69.01041666666666 2043.6236034262768
69.40874035989717 2032.5600168339588
69.79695431472082 2021.7272222477638
70.17543859649122 2011.119148642471
70.54455445544554 2000.72986946633
70.90464547677261 1990.5536028581378
71.25603864734299 1980.5847114781152
71.59904534606206 1970.817701972038
71.93396226415094 1961.2472240923148
72.26107226107227 1951.868069501686
72.58064516129032 1942.675170286407
72.89293849658314 1933.6635972126257
73.1981981981982 1924.8285577418224
73.49665924276168 1916.1653938492325
73.7885462555066 1907.669579662028
74.07407407407408 1899.3367189453354
74.35344827586206 1891.1625424622823
74.6268656716418 1883.1429052295807
74.89451476793249 1875.2737836903282
75.15657620041753 1867.5512728580363
75.41322314049587 1859.9715832222112
75.66462167689161 1852.5310380608685
75.91093117408909 1845.2260702337887
76.15230460921843 1838.053219274189
76.3888888888889 1831.009128413669
76.62082514734774 1824.0905416268818
76.84824902723734 1817.2943007048327
77.07129094412332 1810.6173423640078
77.29007633587786 1804.056695397761
77.50472589792061 1797.6094778932845
77.71535580524346 1791.2728944217306
77.92207792207792 1785.0442333822928
78.12500000000001 1778.9208644746243
78.32422586520946 1772.9002359312158
78.51985559566788 1766.9798721335358
78.71198568872988 1761.157371139662
78.90070921985816 1755.4304023060365
79.08611599297014 1749.796703975545
79.26829268292683 1744.2540812310492
79.44732297063904 1738.8004037431488
79.62328767123289 1733.4336035198576
79.79626485568761 1728.1516731312797
79.96632996632998 1722.9526634526503
80.13355592654423 1717.8346818649427
80.29801324503312 1712.7958903993904
80.45977011494254 1707.8345039068306
80.61889250814332 1702.9487883344323
80.77544426494346 1698.1370591235975
80.92948717948717 1693.3976792193737
81.08108108108108 1688.7290581234463
81.23028391167193 1684.1296498970885
81.37715179968701 1679.5979518440024
81.5217391304348 1675.132503096909
81.66409861325114 1670.7318832528942
81.80428134556576 1666.3947110570907
81.9423368740516 1662.1196431322983
82.07831325301204 1657.9053727534829
82.21225710014949 1653.7506286653058
82.34421364985162 1649.6541739413722
82.47422680412372 1645.6148048836785
82.60233918128655 1641.631349960948
82.72859216255442 1637.7026687843759
82.85302593659944 1633.8276511195522
82.97567954220314 1630.0052159332377
83.09659090909092 1626.2343104737681
83.21579689703809 1622.5139094566132
83.33333333333333 1618.843013888256
83.44923504867873 1615.2206507754265
83.5635359116022 1611.645871922968
83.67626886145405 1608.1177532838672
83.7874659400545 1604.6353942165877
83.89715832205682 1601.1979168655944
84.00537634408603 1597.8044649827955
84.11214953271028 1594.4542042387898
84.21750663129974 1591.146320592103
84.32147562582347 1587.880020264311
84.42408376963351 1584.6545285543382
84.52535760728219 1581.4690902206264
84.62532299741602 1578.3229679606163
84.7240051347882 1575.2154423500613
84.82142857142858 1572.1458112244782
84.91761723700887 1569.113389174332
85.0125944584383 1566.1175070573363
85.1063829787234 1563.1575115270944
85.19900497512438 1560.2327645776254
85.29048207663783 1557.3426431030855
85.38083538083538 1554.486538540958
85.47008547008548 1551.6638561619386
85.55825242718447 1548.8740151629688
85.6453558504222 1546.1164479190545
85.73141486810553 1543.3905997139052
85.81644815256257 1540.6959283801177
85.9004739336493 1538.0319039506876
85.98351001177856 1535.3980083218876
86.06557377049181 1532.7937349269837
86.1466821885914 1530.218588420645
86.22685185185185 1527.6720843733415
86.30609896432682 1525.1537489755244
86.38443935926773 1522.6631187512603
86.46188850967008 1520.1997402808645
86.53846153846155 1517.763169932312
86.61417322834646 1515.3529736010632
86.68903803131992 1512.9687264580007
86.76307007786428 1510.61001270524
86.83628318584071 1508.2764253394616
86.90869086908691 1505.96756592256
86.98030634573306 1503.6830443593337
87.05114254624591 1501.4224786819823
87.12121212121212 1499.1854948411071
87.19052744886976 1496.9717265031434
87.2591006423983 1494.7808148538027
87.32694355697551 1492.6124084736146
87.39406779661017 1490.4661628695217
87.4604847207587 1488.3417407545824
87.52620545073376 1486.2388115401927
87.59124087591242 1484.1570512595874
87.65560165975104 1482.096142403598
87.71929824561404 1480.0557737616282
87.782340862423 1478.0356402669233
87.84473953013278 1476.0354428464896
87.90650406504066 1474.0548882754258
87.96764408493428 1472.0936890352984
88.02816901408451 1470.1515631767807
88.08808808808809 1468.2282341859789
88.14741035856574 1466.323430854781
88.20614469772052 1464.4368871547101
88.26429980276134 1462.5683421144172
88.32188420019628 1460.7175397006165
88.37890625 1458.8842287022737
88.43537414965988 1457.068162618106
88.49129593810446 1455.2690995471453
88.54667949951877 1453.4868020822862
88.60153256704982 1451.7210372068705
88.65586272640611 1449.971576193947
88.70967741935483 1448.2381945084228
88.76298394711993 1446.5206717117574
88.81578947368422 1444.818791369275
88.86810102899906 1443.1323409599577
88.91992551210429 1441.4611117886864
88.97126969416126 1439.8048989007536
89.02214022140222 1438.1635009987174
89.07254361799816 1436.536720431214
89.12248628884826 1434.9243628185434
89.171974522293 1433.3262374474184
89.22101449275362 1431.74215685987
89.26961226330027 1430.1719368709576
89.31777378815082 1428.6153964980924
