373.0
0.0 982.6581200824921
4.03225806451613 1013.1423884953961
7.751937984496124 1036.5720289253022
11.194029850746269 1055.6107895570904
14.388489208633096 1071.6303209274827
17.36111111111111 1085.4364345963654
20.13422818791946 1097.5455730655426
22.727272727272727 1108.3099180866236
25.15723270440252 1117.9810915320945
27.439024390243905 1126.745514579361
29.585798816568047 1134.7453790848795
31.60919540229885 1131.6039205524783
33.5195530726257 1128.6061817965447
35.32608695652174 1125.7416729950398
37.03703703703704 1123.0009573205905
38.659793814432994 1120.375517323314
40.20100502512563 1117.857641642613
41.666666666666664 1115.4403284689238
43.0622009569378 1113.117202886997
44.39252336448599 1110.882445787455
45.662100456621005 1108.7307324690244
46.875 1106.6571793982757
48.03493449781659 1104.6572978686686
49.14529914529914 1102.7269535198673
50.209205020920514 1100.862330856097
51.229508196721305 1099.0599020456557
52.20883534136546 1097.3163994002357
53.14960629921261 1095.6287910292917
54.054054054054056 1093.9942592424995
54.92424242424243 1092.4101813392463
55.762081784386616 1090.87411247742
56.569343065693424 1089.3837703593908
57.34767025089605 1087.937021510112
58.098591549295776 1086.5318689545154
58.82352941176471 1085.1664411273396
59.523809523809526 1083.8389818720407
60.200668896321076 1082.547841403051
60.85526315789473 1081.2914681243888
61.48867313915858 1080.0684012080308
62.101910828025474 1078.8772638513
62.695924764890286 1077.7167571396285
63.27160493827161 1076.5856544514008
63.829787234042556 1075.4827963492403
64.37125748502994 1074.4070859077215
64.89675516224189 1073.3574844343434
65.40697674418605 1072.3330075448303
65.90257879656161 1071.3327215585548
66.38418079096046 1070.3557401833586
66.85236768802228 1069.4012214628083
67.3076923076923 1068.4683649613203
67.75067750677508 1067.5564091656588
68.18181818181817 1066.6646290833137
68.60158311345647 1065.7923340200887
69.01041666666666 1064.9388655215012
69.40874035989717 1064.103595463689
69.79695431472082 1063.2859242811992
70.17543859649122 1062.4852793201967
70.54455445544554 1061.7011133062817
70.90464547677261 1060.9329029184198
71.25603864734299 1060.1801474594095
71.59904534606206 1059.4423676160113
71.93396226415094 1058.7191043010648
72.26107226107227 1058.00991757176
72.58064516129032 1057.3143856177012
72.89293849658314 1056.6321038139722
73.1981981981982 1055.9626838332713
73.49665924276168 1055.3057528156091
73.7885462555066 1054.6609525863528
74.07407407407408 1054.0279389242824
74.35344827586206 1053.4063808730411
74.6268656716418 1052.795960093656
74.89451476793249 1052.1963702554785
75.15657620041753 1051.60731646263
75.41322314049587 1051.0285147136801
75.66462167689161 1050.4596913919795
75.91093117408909 1049.900582785317
76.15230460921843 1049.3509346318524
76.3888888888889 1048.8105016918325
76.62082514734774 1048.2790473423302
76.84824902723734 1047.7563431942872
77.07129094412332 1047.242168730063
77.29007633587786 1046.7363109602388
77.50472589792061 1046.238564098594
77.71535580524346 1045.748729254118
77.92207792207792 1045.2666141386567
78.12500000000001 1044.7920327899578
78.32422586520946 1044.3248053085495
78.51985559566788 1043.8647576078074
78.71198568872988 1043.4117211765874
78.90070921985816 1042.9655328535728
79.08611599297014 1042.5260346126106
79.26829268292683 1042.0930733585465
79.44732297063904 1041.6665007328606
79.62328767123289 1041.246172928329
79.79626485568761 1040.8319505129339
79.96632996632998 1040.4236982615294
80.13355592654423 1040.0212849956733
80.29801324503312 1039.6245834306205
80.45977011494254 1039.2334700294168
80.61889250814332 1038.8478248636034
80.77544426494346 1038.4675314801007
80.92948717948717 1038.0924767741499
81.08108108108108 1037.7225508676975
81.23028391167193 1037.3576469933664
81.37715179968701 1036.9976613831136
81.5217391304348 1036.6424931621464
81.66409861325114 1036.2920442469522
81.80428134556576 1035.9462192479532
81.9423368740516 1035.6049253761512
82.07831325301204 1035.2680723536605
82.21225710014949 1034.9355723280678
82.34421364985162 1034.60733979025
82.47422680412372 1034.2832914953237
82.60233918128655 1033.9633463874407
82.72859216255442 1033.6474255268968
82.85302593659944 1033.3354520205148
82.97567954220314 1033.0273509549943
83.09659090909092 1032.7230493324714
83.21579689703809 1032.4224760085553
83.33333333333333 1032.1255616335975
83.44923504867873 1031.832238595066
83.5635359116022 1031.5424409631123
83.67626886145405 1031.256104437448
83.7874659400545 1030.973166297024
83.89715832205682 1030.6935653507753
84.00537634408603 1030.4172418907592
84.11214953271028 1030.144137646971
84.21750663129974 1029.8741957436346
84.32147562582347 1029.6073606570667
84.42408376963351 1029.343578175426
84.52535760728219 1029.0827953595863
84.62532299741602 1028.8249605053807
84.7240051347882 1028.5700231076476
84.82142857142858 1028.3179338248078
84.91761723700887 1028.0686444454682
85.0125944584383 1027.822107855659
85.1063829787234 1027.5782780074837
85.19900497512438 1027.3371098885673
85.29048207663783 1027.098559493079
85.38083538083538 1026.8625837930222
85.47008547008548 1026.6291407112021
85.55825242718447 1026.398189094623
85.6453558504222 1026.1696886890104
85.73141486810553 1025.9436001140307
85.81644815256257 1025.7198848395728
85.9004739336493 1025.498505162543
85.98351001177856 1025.2794241845186
86.06557377049181 1025.06260579024
86.1466821885914 1024.8480146265547
86.22685185185185 1024.635616082444
86.30609896432682 1024.4253762691324
86.38443935926773 1024.2172620013025
86.46188850967008 1024.0112407789638
86.53846153846155 1023.8072807686058
86.61417322834646 1023.60535078785
86.68903803131992 1023.405420286972
86.76307007786428 1023.207459333737
86.83628318584071 1023.0114385972138
86.90869086908691 1022.8173293329792
86.98030634573306 1022.6251033680774
87.05114254624591 1022.4347330868795
87.12121212121212 1022.2461914172914
87.19052744886976 1022.0594518171242
87.2591006423983 1021.8744882611418
87.32694355697551 1021.6912752284952
87.39406779661017 1021.5097876903019
87.4604847207587 1021.3300010978583
87.52620545073376 1021.1518913709142
87.59124087591242 1020.9754348865408
87.65560165975104 1020.8006084682643
87.71929824561404 1020.6273893752405
87.782340862423 1020.4557552924939
87.84473953013278 1020.285684320072
87.90650406504066 1020.1171549640821
87.96764408493428 1019.9501461268687
88.02816901408451 1019.7846370980506
88.08808808808809 1019.6206075453324
88.14741035856574 1019.4580375060536
88.20614469772052 1019.2969073786753
88.26429980276134 1019.1371979145742
88.32188420019628 1018.9788902100418
88.37890625 1018.821965698528
88.43537414965988 1018.6664061431111
88.49129593810446 1018.5121936292944
88.54667949951877 1018.3593105574755
88.60153256704982 1018.2077396363161
88.65586272640611 1018.0574638759276
88.70967741935483 1017.9084665811592
88.76298394711993 1017.7607313452131
88.81578947368422 1017.6142420434644
88.86810102899906 1017.4689828272813
88.91992551210429 1017.3249381181722
88.97126969416126 1017.1820926019336
89.02214022140222 1017.0404312231858
89.07254361799816 1016.8999391794387
89.12248628884826 1016.760601916385
89.171974522293 1016.622405122273
89.22101449275362 1016.4853347228927
89.26961226330027 1016.3493768767057
89.31777378815082 1016.2145179699542
473.0
0.0 982.6581200824921
4.03225806451613 1013.1423884953961
7.751937984496124 1036.5720289253022
11.194029850746269 1055.6107895570904
14.388489208633096 1071.6303209274827
17.36111111111111 1085.4364345963654
20.13422818791946 1097.5455730655426
22.727272727272727 1108.3099180866236
25.15723270440252 1117.9810915320945
27.439024390243905 1126.745514579361
29.585798816568047 1134.7453790848795
31.60919540229885 1131.6039205524783
33.5195530726257 1128.6061817965447
35.32608695652174 1125.7416729950398
37.03703703703704 1123.0009573205905
38.659793814432994 1120.375517323314
40.20100502512563 1117.857641642613
41.666666666666664 1115.4403284689238
43.0622009569378 1113.117202886997
44.39252336448599 1110.882445787455
45.662100456621005 1108.7307324690244
46.875 1106.6571793982757
48.03493449781659 1104.6572978686686
49.14529914529914 1102.7269535198673
50.209205020920514 1100.862330856097
51.229508196721305 1099.0599020456557
52.20883534136546 1097.3163994002357
53.14960629921261 1095.6287910292917
54.054054054054056 1093.9942592424995
54.92424242424243 1092.4101813392463
55.762081784386616 1090.87411247742
56.569343065693424 1089.3837703593908
57.34767025089605 1087.937021510112
58.098591549295776 1086.5318689545154
58.82352941176471 1085.1664411273396
59.523809523809526 1083.8389818720407
60.200668896321076 1082.547841403051
60.85526315789473 1081.2914681243888
61.48867313915858 1080.0684012080308
62.101910828025474 1078.8772638513
62.695924764890286 1077.7167571396285
63.27160493827161 1076.5856544514008
63.829787234042556 1075.4827963492403
64.37125748502994 1074.4070859077215
64.89675516224189 1073.3574844343434
65.40697674418605 1072.3330075448303
65.90257879656161 1071.3327215585548
66.38418079096046 1070.3557401833586
66.85236768802228 1069.4012214628083
67.3076923076923 1068.4683649613203
67.75067750677508 1067.5564091656588
68.18181818181817 1066.6646290833137
68.60158311345647 1065.7923340200887
69.01041666666666 1064.9388655215012
69.40874035989717 1064.103595463689
69.79695431472082 1063.2859242811992
70.17543859649122 1062.4852793201967
70.54455445544554 1061.7011133062817
70.90464547677261 1060.9329029184198
71.25603864734299 1060.1801474594095
71.59904534606206 1059.4423676160113
71.93396226415094 1058.7191043010648
72.26107226107227 1058.00991757176
72.58064516129032 1057.3143856177012
72.89293849658314 1056.6321038139722
73.1981981981982 1055.9626838332713
73.49665924276168 1055.3057528156091
73.7885462555066 1054.6609525863528
74.07407407407408 1054.0279389242824
74.35344827586206 1053.4063808730411
74.6268656716418 1052.795960093656
74.89451476793249 1052.1963702554785
75.15657620041753 1051.60731646263
75.41322314049587 1051.0285147136801
75.66462167689161 1050.4596913919795
75.91093117408909 1049.900582785317
76.15230460921843 1049.3509346318524
76.3888888888889 1048.8105016918325
76.62082514734774 1048.2790473423302
76.84824902723734 1047.7563431942872
77.07129094412332 1047.242168730063
77.29007633587786 1046.7363109602388
77.50472589792061 1046.238564098594
77.71535580524346 1045.748729254118
77.92207792207792 1045.2666141386567
78.12500000000001 1044.7920327899578
78.32422586520946 1044.3248053085495
78.51985559566788 1043.8647576078074
78.71198568872988 1043.4117211765874
78.90070921985816 1042.9655328535728
79.08611599297014 1042.5260346126106
79.26829268292683 1042.0930733585465
79.44732297063904 1041.6665007328606
79.62328767123289 1041.246172928329
79.79626485568761 1040.8319505129339
79.96632996632998 1040.4236982615294
80.13355592654423 1040.0212849956733
80.29801324503312 1039.6245834306205
80.45977011494254 1039.2334700294168
80.61889250814332 1038.8478248636034
80.77544426494346 1038.4675314801007
80.92948717948717 1038.0924767741499
81.08108108108108 1037.7225508676975
81.23028391167193 1037.3576469933664
81.37715179968701 1036.9976613831136
81.5217391304348 1036.6424931621464
81.66409861325114 1036.2920442469522
81.80428134556576 1035.9462192479532
81.9423368740516 1035.6049253761512
82.07831325301204 1035.2680723536605
82.21225710014949 1034.9355723280678
82.34421364985162 1034.60733979025
82.47422680412372 1034.2832914953237
82.60233918128655 1033.9633463874407
82.72859216255442 1033.6474255268968
82.85302593659944 1033.3354520205148
82.97567954220314 1033.0273509549943
83.09659090909092 1032.7230493324714
83.21579689703809 1032.4224760085553
83.33333333333333 1032.1255616335975
83.44923504867873 1031.832238595066
83.5635359116022 1031.5424409631123
83.67626886145405 1031.256104437448
83.7874659400545 1030.973166297024
83.89715832205682 1030.6935653507753
84.00537634408603 1030.4172418907592
84.11214953271028 1030.144137646971
84.21750663129974 1029.8741957436346
84.32147562582347 1029.6073606570667
84.42408376963351 1029.343578175426
84.52535760728219 1029.0827953595863
84.62532299741602 1028.8249605053807
84.7240051347882 1028.5700231076476
84.82142857142858 1028.3179338248078
84.91761723700887 1028.0686444454682
85.0125944584383 1027.822107855659
85.1063829787234 1027.5782780074837
85.19900497512438 1027.3371098885673
85.29048207663783 1027.098559493079
85.38083538083538 1026.8625837930222
85.47008547008548 1026.6291407112021
85.55825242718447 1026.398189094623
85.6453558504222 1026.1696886890104
85.73141486810553 1025.9436001140307
85.81644815256257 1025.7198848395728
85.9004739336493 1025.498505162543
85.98351001177856 1025.2794241845186
86.06557377049181 1025.06260579024
86.1466821885914 1024.8480146265547
86.22685185185185 1024.635616082444
86.30609896432682 1024.4253762691324
86.38443935926773 1024.2172620013025
86.46188850967008 1024.0112407789638
86.53846153846155 1023.8072807686058
86.61417322834646 1023.60535078785
86.68903803131992 1023.405420286972
86.76307007786428 1023.207459333737
86.83628318584071 1023.0114385972138
86.90869086908691 1022.8173293329792
86.98030634573306 1022.6251033680774
87.05114254624591 1022.4347330868795
87.12121212121212 1022.2461914172914
87.19052744886976 1022.0594518171242
87.2591006423983 1021.8744882611418
87.32694355697551 1021.6912752284952
87.39406779661017 1021.5097876903019
87.4604847207587 1021.3300010978583
87.52620545073376 1021.1518913709142
87.59124087591242 1020.9754348865408
87.65560165975104 1020.8006084682643
87.71929824561404 1020.6273893752405
87.782340862423 1020.4557552924939
87.84473953013278 1020.285684320072
87.90650406504066 1020.1171549640821
87.96764408493428 1019.9501461268687
88.02816901408451 1019.7846370980506
88.08808808808809 1019.6206075453324
88.14741035856574 1019.4580375060536
88.20614469772052 1019.2969073786753
88.26429980276134 1019.1371979145742
88.32188420019628 1018.9788902100418
88.37890625 1018.821965698528
88.43537414965988 1018.6664061431111
88.49129593810446 1018.5121936292944
88.54667949951877 1018.3593105574755
88.60153256704982 1018.2077396363161
88.65586272640611 1018.0574638759276
88.70967741935483 1017.9084665811592
88.76298394711993 1017.7607313452131
88.81578947368422 1017.6142420434644
88.86810102899906 1017.4689828272813
88.91992551210429 1017.3249381181722
88.97126969416126 1017.1820926019336
89.02214022140222 1017.0404312231858
89.07254361799816 1016.8999391794387
89.12248628884826 1016.760601916385
89.171974522293 1016.622405122273
89.22101449275362 1016.4853347228927
89.26961226330027 1016.3493768767057
89.31777378815082 1016.2145179699542
573.0
0.0 982.6581200824921
4.03225806451613 1013.1423884953961
7.751937984496124 1036.5720289253022
11.194029850746269 1055.6107895570904
14.388489208633096 1071.6303209274827
17.36111111111111 1085.4364345963654
20.13422818791946 1097.5455730655426
22.727272727272727 1108.3099180866236
25.15723270440252 1117.9810915320945
27.439024390243905 1126.745514579361
29.585798816568047 1134.7453790848795
31.60919540229885 1131.6039205524783
33.5195530726257 1128.6061817965447
35.32608695652174 1125.7416729950398
37.03703703703704 1123.0009573205905
38.659793814432994 1120.375517323314
40.20100502512563 1117.857641642613
41.666666666666664 1115.4403284689238
43.0622009569378 1113.117202886997
44.39252336448599 1110.882445787455
45.662100456621005 1108.7307324690244
46.875 1106.6571793982757
48.03493449781659 1104.6572978686686
49.14529914529914 1102.7269535198673
50.209205020920514 1100.862330856097
51.229508196721305 1099.0599020456557
52.20883534136546 1097.3163994002357
53.14960629921261 1095.6287910292917
54.054054054054056 1093.9942592424995
54.92424242424243 1092.4101813392463
55.762081784386616 1090.87411247742
56.569343065693424 1089.3837703593908
57.34767025089605 1087.937021510112
58.098591549295776 1086.5318689545154
58.82352941176471 1085.1664411273396
59.523809523809526 1083.8389818720407
60.200668896321076 1082.547841403051
60.85526315789473 1081.2914681243888
61.48867313915858 1080.0684012080308
62.101910828025474 1078.8772638513
62.695924764890286 1077.7167571396285
63.27160493827161 1076.5856544514008
63.829787234042556 1075.4827963492403
64.37125748502994 1074.4070859077215
64.89675516224189 1073.3574844343434
65.40697674418605 1072.3330075448303
65.90257879656161 1071.3327215585548
66.38418079096046 1070.3557401833586
66.85236768802228 1069.4012214628083
67.3076923076923 1068.4683649613203
67.75067750677508 1067.5564091656588
68.18181818181817 1066.6646290833137
68.60158311345647 1065.7923340200887
69.01041666666666 1064.9388655215012
69.40874035989717 1064.103595463689
69.79695431472082 1063.2859242811992
70.17543859649122 1062.4852793201967
70.54455445544554 1061.7011133062817
70.90464547677261 1060.9329029184198
71.25603864734299 1060.1801474594095
71.59904534606206 1059.4423676160113
71.93396226415094 1058.7191043010648
72.26107226107227 1058.00991757176
72.58064516129032 1057.3143856177012
72.89293849658314 1056.6321038139722
73.1981981981982 1055.9626838332713
73.49665924276168 1055.3057528156091
73.7885462555066 1054.6609525863528
74.07407407407408 1054.0279389242824
74.35344827586206 1053.4063808730411
74.6268656716418 1052.795960093656
74.89451476793249 1052.1963702554785
75.15657620041753 1051.60731646263
75.41322314049587 1051.0285147136801
75.66462167689161 1050.4596913919795
75.91093117408909 1049.900582785317
76.15230460921843 1049.3509346318524
76.3888888888889 1048.8105016918325
76.62082514734774 1048.2790473423302
76.84824902723734 1047.7563431942872
77.07129094412332 1047.242168730063
77.29007633587786 1046.7363109602388
77.50472589792061 1046.238564098594
77.71535580524346 1045.748729254118
77.92207792207792 1045.2666141386567
78.12500000000001 1044.7920327899578
78.32422586520946 1044.3248053085495
78.51985559566788 1043.8647576078074
78.71198568872988 1043.4117211765874
78.90070921985816 1042.9655328535728
79.08611599297014 1042.5260346126106
79.26829268292683 1042.0930733585465
79.44732297063904 1041.6665007328606
79.62328767123289 1041.246172928329
79.79626485568761 1040.8319505129339
79.96632996632998 1040.4236982615294
80.13355592654423 1040.0212849956733
80.29801324503312 1039.6245834306205
80.45977011494254 1039.2334700294168
80.61889250814332 1038.8478248636034
80.77544426494346 1038.4675314801007
80.92948717948717 1038.0924767741499
81.08108108108108 1037.7225508676975
81.23028391167193 1037.3576469933664
81.37715179968701 1036.9976613831136
81.5217391304348 1036.6424931621464
81.66409861325114 1036.2920442469522
81.80428134556576 1035.9462192479532
81.9423368740516 1035.6049253761512
82.07831325301204 1035.2680723536605
82.21225710014949 1034.9355723280678
82.34421364985162 1034.60733979025
82.47422680412372 1034.2832914953237
82.60233918128655 1033.9633463874407
82.72859216255442 1033.6474255268968
82.85302593659944 1033.3354520205148
82.97567954220314 1033.0273509549943
83.09659090909092 1032.7230493324714
83.21579689703809 1032.4224760085553
83.33333333333333 1032.1255616335975
83.44923504867873 1031.832238595066
83.5635359116022 1031.5424409631123
83.67626886145405 1031.256104437448
83.7874659400545 1030.973166297024
83.89715832205682 1030.6935653507753
84.00537634408603 1030.4172418907592
84.11214953271028 1030.144137646971
84.21750663129974 1029.8741957436346
84.32147562582347 1029.6073606570667
84.42408376963351 1029.343578175426
84.52535760728219 1029.0827953595863
84.62532299741602 1028.8249605053807
84.7240051347882 1028.5700231076476
84.82142857142858 1028.3179338248078
84.91761723700887 1028.0686444454682
85.0125944584383 1027.822107855659
85.1063829787234 1027.5782780074837
85.19900497512438 1027.3371098885673
85.29048207663783 1027.098559493079
85.38083538083538 1026.8625837930222
85.47008547008548 1026.6291407112021
85.55825242718447 1026.398189094623
85.6453558504222 1026.1696886890104
85.73141486810553 1025.9436001140307
85.81644815256257 1025.7198848395728
85.9004739336493 1025.498505162543
85.98351001177856 1025.2794241845186
86.06557377049181 1025.06260579024
86.1466821885914 1024.8480146265547
86.22685185185185 1024.635616082444
86.30609896432682 1024.4253762691324
86.38443935926773 1024.2172620013025
86.46188850967008 1024.0112407789638
86.53846153846155 1023.8072807686058
86.61417322834646 1023.60535078785
86.68903803131992 1023.405420286972
86.76307007786428 1023.207459333737
86.83628318584071 1023.0114385972138
86.90869086908691 1022.8173293329792
86.98030634573306 1022.6251033680774
87.05114254624591 1022.4347330868795
87.12121212121212 1022.2461914172914
87.19052744886976 1022.0594518171242
87.2591006423983 1021.8744882611418
87.32694355697551 1021.6912752284952
87.39406779661017 1021.5097876903019
87.4604847207587 1021.3300010978583
87.52620545073376 1021.1518913709142
87.59124087591242 1020.9754348865408
87.65560165975104 1020.8006084682643
87.71929824561404 1020.6273893752405
87.782340862423 1020.4557552924939
87.84473953013278 1020.285684320072
87.90650406504066 1020.1171549640821
87.96764408493428 1019.9501461268687
88.02816901408451 1019.7846370980506
88.08808808808809 1019.6206075453324
88.14741035856574 1019.4580375060536
88.20614469772052 1019.2969073786753
88.26429980276134 1019.1371979145742
88.32188420019628 1018.9788902100418
88.37890625 1018.821965698528
88.43537414965988 1018.6664061431111
88.49129593810446 1018.5121936292944
88.54667949951877 1018.3593105574755
88.60153256704982 1018.2077396363161
88.65586272640611 1018.0574638759276
88.70967741935483 1017.9084665811592
88.76298394711993 1017.7607313452131
88.81578947368422 1017.6142420434644
88.86810102899906 1017.4689828272813
88.91992551210429 1017.3249381181722
88.97126969416126 1017.1820926019336
89.02214022140222 1017.0404312231858
89.07254361799816 1016.8999391794387
89.12248628884826 1016.760601916385
89.171974522293 1016.622405122273
89.22101449275362 1016.4853347228927
89.26961226330027 1016.3493768767057
89.31777378815082 1016.2145179699542
673.0
0.0 982.6581200824921
4.03225806451613 1013.1423884953961
7.751937984496124 1036.5720289253022
11.194029850746269 1055.6107895570904
14.388489208633096 1071.6303209274827
17.36111111111111 1085.4364345963654
20.13422818791946 1097.5455730655426
22.727272727272727 1108.3099180866236
25.15723270440252 1117.9810915320945
27.439024390243905 1126.745514579361
29.585798816568047 1134.7453790848795
31.60919540229885 1131.6039205524783
33.5195530726257 1128.6061817965447
35.32608695652174 1125.7416729950398
37.03703703703704 1123.0009573205905
38.659793814432994 1120.375517323314
40.20100502512563 1117.857641642613
41.666666666666664 1115.4403284689238
43.0622009569378 1113.117202886997
44.39252336448599 1110.882445787455
45.662100456621005 1108.7307324690244
46.875 1106.6571793982757
48.03493449781659 1104.6572978686686
49.14529914529914 1102.7269535198673
50.209205020920514 1100.862330856097
51.229508196721305 1099.0599020456557
52.20883534136546 1097.3163994002357
53.14960629921261 1095.6287910292917
54.054054054054056 1093.9942592424995
54.92424242424243 1092.4101813392463
55.762081784386616 1090.87411247742
56.569343065693424 1089.3837703593908
57.34767025089605 1087.937021510112
58.098591549295776 1086.5318689545154
58.82352941176471 1085.1664411273396
59.523809523809526 1083.8389818720407
60.200668896321076 1082.547841403051
60.85526315789473 1081.2914681243888
61.48867313915858 1080.0684012080308
62.101910828025474 1078.8772638513
62.695924764890286 1077.7167571396285
63.27160493827161 1076.5856544514008
63.829787234042556 1075.4827963492403
64.37125748502994 1074.4070859077215
64.89675516224189 1073.3574844343434
65.40697674418605 1072.3330075448303
65.90257879656161 1071.3327215585548
66.38418079096046 1070.3557401833586
66.85236768802228 1069.4012214628083
67.3076923076923 1068.4683649613203
67.75067750677508 1067.5564091656588
68.18181818181817 1066.6646290833137
68.60158311345647 1065.7923340200887
69.01041666666666 1064.9388655215012
69.40874035989717 1064.103595463689
69.79695431472082 1063.2859242811992
70.17543859649122 1062.4852793201967
70.54455445544554 1061.7011133062817
70.90464547677261 1060.9329029184198
71.25603864734299 1060.1801474594095
71.59904534606206 1059.4423676160113
71.93396226415094 1058.7191043010648
72.26107226107227 1058.00991757176
72.58064516129032 1057.3143856177012
72.89293849658314 1056.6321038139722
73.1981981981982 1055.9626838332713
73.49665924276168 1055.3057528156091
73.7885462555066 1054.6609525863528
74.07407407407408 1054.0279389242824
74.35344827586206 1053.4063808730411
74.6268656716418 1052.795960093656
74.89451476793249 1052.1963702554785
75.15657620041753 1051.60731646263
75.41322314049587 1051.0285147136801
75.66462167689161 1050.4596913919795
75.91093117408909 1049.900582785317
76.15230460921843 1049.3509346318524
76.3888888888889 1048.8105016918325
76.62082514734774 1048.2790473423302
76.84824902723734 1047.7563431942872
77.07129094412332 1047.242168730063
77.29007633587786 1046.7363109602388
77.50472589792061 1046.238564098594
77.71535580524346 1045.748729254118
77.92207792207792 1045.2666141386567
78.12500000000001 1044.7920327899578
78.32422586520946 1044.3248053085495
78.51985559566788 1043.8647576078074
78.71198568872988 1043.4117211765874
78.90070921985816 1042.9655328535728
79.08611599297014 1042.5260346126106
79.26829268292683 1042.0930733585465
79.44732297063904 1041.6665007328606
79.62328767123289 1041.246172928329
79.79626485568761 1040.8319505129339
79.96632996632998 1040.4236982615294
80.13355592654423 1040.0212849956733
80.29801324503312 1039.6245834306205
80.45977011494254 1039.2334700294168
80.61889250814332 1038.8478248636034
80.77544426494346 1038.4675314801007
80.92948717948717 1038.0924767741499
81.08108108108108 1037.7225508676975
81.23028391167193 1037.3576469933664
81.37715179968701 1036.9976613831136
81.5217391304348 1036.6424931621464
81.66409861325114 1036.2920442469522
81.80428134556576 1035.9462192479532
81.9423368740516 1035.6049253761512
82.07831325301204 1035.2680723536605
82.21225710014949 1034.9355723280678
82.34421364985162 1034.60733979025
82.47422680412372 1034.2832914953237
82.60233918128655 1033.9633463874407
82.72859216255442 1033.6474255268968
82.85302593659944 1033.3354520205148
82.97567954220314 1033.0273509549943
83.09659090909092 1032.7230493324714
83.21579689703809 1032.4224760085553
83.33333333333333 1032.1255616335975
83.44923504867873 1031.832238595066
83.5635359116022 1031.5424409631123
83.67626886145405 1031.256104437448
83.7874659400545 1030.973166297024
83.89715832205682 1030.6935653507753
84.00537634408603 1030.4172418907592
84.11214953271028 1030.144137646971
84.21750663129974 1029.8741957436346
84.32147562582347 1029.6073606570667
84.42408376963351 1029.343578175426
84.52535760728219 1029.0827953595863
84.62532299741602 1028.8249605053807
84.7240051347882 1028.5700231076476
84.82142857142858 1028.3179338248078
84.91761723700887 1028.0686444454682
85.0125944584383 1027.822107855659
85.1063829787234 1027.5782780074837
85.19900497512438 1027.3371098885673
85.29048207663783 1027.098559493079
85.38083538083538 1026.8625837930222
85.47008547008548 1026.6291407112021
85.55825242718447 1026.398189094623
85.6453558504222 1026.1696886890104
85.73141486810553 1025.9436001140307
85.81644815256257 1025.7198848395728
85.9004739336493 1025.498505162543
85.98351001177856 1025.2794241845186
86.06557377049181 1025.06260579024
86.1466821885914 1024.8480146265547
86.22685185185185 1024.635616082444
86.30609896432682 1024.4253762691324
86.38443935926773 1024.2172620013025
86.46188850967008 1024.0112407789638
86.53846153846155 1023.8072807686058
86.61417322834646 1023.60535078785
86.68903803131992 1023.405420286972
86.76307007786428 1023.207459333737
86.83628318584071 1023.0114385972138
86.90869086908691 1022.8173293329792
86.98030634573306 1022.6251033680774
87.05114254624591 1022.4347330868795
87.12121212121212 1022.2461914172914
87.19052744886976 1022.0594518171242
87.2591006423983 1021.8744882611418
87.32694355697551 1021.6912752284952
87.39406779661017 1021.5097876903019
87.4604847207587 1021.3300010978583
87.52620545073376 1021.1518913709142
87.59124087591242 1020.9754348865408
87.65560165975104 1020.8006084682643
87.71929824561404 1020.6273893752405
87.782340862423 1020.4557552924939
87.84473953013278 1020.285684320072
87.90650406504066 1020.1171549640821
87.96764408493428 1019.9501461268687
88.02816901408451 1019.7846370980506
88.08808808808809 1019.6206075453324
88.14741035856574 1019.4580375060536
88.20614469772052 1019.2969073786753
88.26429980276134 1019.1371979145742
88.32188420019628 1018.9788902100418
88.37890625 1018.821965698528
88.43537414965988 1018.6664061431111
88.49129593810446 1018.5121936292944
88.54667949951877 1018.3593105574755
88.60153256704982 1018.2077396363161
88.65586272640611 1018.0574638759276
88.70967741935483 1017.9084665811592
88.76298394711993 1017.7607313452131
88.81578947368422 1017.6142420434644
88.86810102899906 1017.4689828272813
88.91992551210429 1017.3249381181722
88.97126969416126 1017.1820926019336
89.02214022140222 1017.0404312231858
89.07254361799816 1016.8999391794387
89.12248628884826 1016.760601916385
89.171974522293 1016.622405122273
89.22101449275362 1016.4853347228927
89.26961226330027 1016.3493768767057
89.31777378815082 1016.2145179699542
773.0
0.0 982.6581200824921
4.03225806451613 1013.1423884953961
7.751937984496124 1036.5720289253022
11.194029850746269 1055.6107895570904
14.388489208633096 1071.6303209274827
17.36111111111111 1085.4364345963654
20.13422818791946 1097.5455730655426
22.727272727272727 1108.3099180866236
25.15723270440252 1117.9810915320945
27.439024390243905 1126.745514579361
29.585798816568047 1134.7453790848795
31.60919540229885 1131.6039205524783
33.5195530726257 1128.6061817965447
35.32608695652174 1125.7416729950398
37.03703703703704 1123.0009573205905
38.659793814432994 1120.375517323314
40.20100502512563 1117.857641642613
41.666666666666664 1115.4403284689238
43.0622009569378 1113.117202886997
44.39252336448599 1110.882445787455
45.662100456621005 1108.7307324690244
46.875 1106.6571793982757
48.03493449781659 1104.6572978686686
49.14529914529914 1102.7269535198673
50.209205020920514 1100.862330856097
51.229508196721305 1099.0599020456557
52.20883534136546 1097.3163994002357
53.14960629921261 1095.6287910292917
54.054054054054056 1093.9942592424995
54.92424242424243 1092.4101813392463
55.762081784386616 1090.87411247742
56.569343065693424 1089.3837703593908
57.34767025089605 1087.937021510112
58.098591549295776 1086.5318689545154
58.82352941176471 1085.1664411273396
59.523809523809526 1083.8389818720407
60.200668896321076 1082.547841403051
60.85526315789473 1081.2914681243888
61.48867313915858 1080.0684012080308
62.101910828025474 1078.8772638513
62.695924764890286 1077.7167571396285
63.27160493827161 1076.5856544514008
63.829787234042556 1075.4827963492403
64.37125748502994 1074.4070859077215
64.89675516224189 1073.3574844343434
65.40697674418605 1072.3330075448303
65.90257879656161 1071.3327215585548
66.38418079096046 1070.3557401833586
66.85236768802228 1069.4012214628083
67.3076923076923 1068.4683649613203
67.75067750677508 1067.5564091656588
68.18181818181817 1066.6646290833137
68.60158311345647 1065.7923340200887
69.01041666666666 1064.9388655215012
69.40874035989717 1064.103595463689
69.79695431472082 1063.2859242811992
70.17543859649122 1062.4852793201967
70.54455445544554 1061.7011133062817
70.90464547677261 1060.9329029184198
71.25603864734299 1060.1801474594095
71.59904534606206 1059.4423676160113
71.93396226415094 1058.7191043010648
72.26107226107227 1058.00991757176
72.58064516129032 1057.3143856177012
72.89293849658314 1056.6321038139722
73.1981981981982 1055.9626838332713
73.49665924276168 1055.3057528156091
73.7885462555066 1054.6609525863528
74.07407407407408 1054.0279389242824
74.35344827586206 1053.4063808730411
74.6268656716418 1052.795960093656
74.89451476793249 1052.1963702554785
75.15657620041753 1051.60731646263
75.41322314049587 1051.0285147136801
75.66462167689161 1050.4596913919795
75.91093117408909 1049.900582785317
76.15230460921843 1049.3509346318524
76.3888888888889 1048.8105016918325
76.62082514734774 1048.2790473423302
76.84824902723734 1047.7563431942872
77.07129094412332 1047.242168730063
77.29007633587786 1046.7363109602388
77.50472589792061 1046.238564098594
77.71535580524346 1045.748729254118
77.92207792207792 1045.2666141386567
78.12500000000001 1044.7920327899578
78.32422586520946 1044.3248053085495
78.51985559566788 1043.8647576078074
78.71198568872988 1043.4117211765874
78.90070921985816 1042.9655328535728
79.08611599297014 1042.5260346126106
79.26829268292683 1042.0930733585465
79.44732297063904 1041.6665007328606
79.62328767123289 1041.246172928329
79.79626485568761 1040.8319505129339
79.96632996632998 1040.4236982615294
80.13355592654423 1040.0212849956733
80.29801324503312 1039.6245834306205
80.45977011494254 1039.2334700294168
80.61889250814332 1038.8478248636034
80.77544426494346 1038.4675314801007
80.92948717948717 1038.0924767741499
81.08108108108108 1037.7225508676975
81.23028391167193 1037.3576469933664
81.37715179968701 1036.9976613831136
81.5217391304348 1036.6424931621464
81.66409861325114 1036.2920442469522
81.80428134556576 1035.9462192479532
81.9423368740516 1035.6049253761512
82.07831325301204 1035.2680723536605
82.21225710014949 1034.9355723280678
82.34421364985162 1034.60733979025
82.47422680412372 1034.2832914953237
82.60233918128655 1033.9633463874407
82.72859216255442 1033.6474255268968
82.85302593659944 1033.3354520205148
82.97567954220314 1033.0273509549943
83.09659090909092 1032.7230493324714
83.21579689703809 1032.4224760085553
83.33333333333333 1032.1255616335975
83.44923504867873 1031.832238595066
83.5635359116022 1031.5424409631123
83.67626886145405 1031.256104437448
83.7874659400545 1030.973166297024
83.89715832205682 1030.6935653507753
84.00537634408603 1030.4172418907592
84.11214953271028 1030.144137646971
84.21750663129974 1029.8741957436346
84.32147562582347 1029.6073606570667
84.42408376963351 1029.343578175426
84.52535760728219 1029.0827953595863
84.62532299741602 1028.8249605053807
84.7240051347882 1028.5700231076476
84.82142857142858 1028.3179338248078
84.91761723700887 1028.0686444454682
85.0125944584383 1027.822107855659
85.1063829787234 1027.5782780074837
85.19900497512438 1027.3371098885673
85.29048207663783 1027.098559493079
85.38083538083538 1026.8625837930222
85.47008547008548 1026.6291407112021
85.55825242718447 1026.398189094623
85.6453558504222 1026.1696886890104
85.73141486810553 1025.9436001140307
85.81644815256257 1025.7198848395728
85.9004739336493 1025.498505162543
85.98351001177856 1025.2794241845186
86.06557377049181 1025.06260579024
86.1466821885914 1024.8480146265547
86.22685185185185 1024.635616082444
86.30609896432682 1024.4253762691324
86.38443935926773 1024.2172620013025
86.46188850967008 1024.0112407789638
86.53846153846155 1023.8072807686058
86.61417322834646 1023.60535078785
86.68903803131992 1023.405420286972
86.76307007786428 1023.207459333737
86.83628318584071 1023.0114385972138
86.90869086908691 1022.8173293329792
86.98030634573306 1022.6251033680774
87.05114254624591 1022.4347330868795
87.12121212121212 1022.2461914172914
87.19052744886976 1022.0594518171242
87.2591006423983 1021.8744882611418
87.32694355697551 1021.6912752284952
87.39406779661017 1021.5097876903019
87.4604847207587 1021.3300010978583
87.52620545073376 1021.1518913709142
87.59124087591242 1020.9754348865408
87.65560165975104 1020.8006084682643
87.71929824561404 1020.6273893752405
87.782340862423 1020.4557552924939
87.84473953013278 1020.285684320072
87.90650406504066 1020.1171549640821
87.96764408493428 1019.9501461268687
88.02816901408451 1019.7846370980506
88.08808808808809 1019.6206075453324
88.14741035856574 1019.4580375060536
88.20614469772052 1019.2969073786753
88.26429980276134 1019.1371979145742
88.32188420019628 1018.9788902100418
88.37890625 1018.821965698528
88.43537414965988 1018.6664061431111
88.49129593810446 1018.5121936292944
88.54667949951877 1018.3593105574755
88.60153256704982 1018.2077396363161
88.65586272640611 1018.0574638759276
88.70967741935483 1017.9084665811592
88.76298394711993 1017.7607313452131
88.81578947368422 1017.6142420434644
88.86810102899906 1017.4689828272813
88.91992551210429 1017.3249381181722
88.97126969416126 1017.1820926019336
89.02214022140222 1017.0404312231858
89.07254361799816 1016.8999391794387
89.12248628884826 1016.760601916385
89.171974522293 1016.622405122273
89.22101449275362 1016.4853347228927
89.26961226330027 1016.3493768767057
89.31777378815082 1016.2145179699542
813.0
0.0 982.6581200824921
4.03225806451613 1013.1423884953961
7.751937984496124 1036.5720289253022
11.194029850746269 1055.6107895570904
14.388489208633096 1071.6303209274827
17.36111111111111 1085.4364345963654
20.13422818791946 1097.5455730655426
22.727272727272727 1108.3099180866236
25.15723270440252 1117.9810915320945
27.439024390243905 1126.745514579361
29.585798816568047 1134.7453790848795
31.60919540229885 1131.6039205524783
33.5195530726257 1128.6061817965447
35.32608695652174 1125.7416729950398
37.03703703703704 1123.0009573205905
38.659793814432994 1120.375517323314
40.20100502512563 1117.857641642613
41.666666666666664 1115.4403284689238
43.0622009569378 1113.117202886997
44.39252336448599 1110.882445787455
45.662100456621005 1108.7307324690244
46.875 1106.6571793982757
48.03493449781659 1104.6572978686686
49.14529914529914 1102.7269535198673
50.209205020920514 1100.862330856097
51.229508196721305 1099.0599020456557
52.20883534136546 1097.3163994002357
53.14960629921261 1095.6287910292917
54.054054054054056 1093.9942592424995
54.92424242424243 1092.4101813392463
55.762081784386616 1090.87411247742
56.569343065693424 1089.3837703593908
57.34767025089605 1087.937021510112
58.098591549295776 1086.5318689545154
58.82352941176471 1085.1664411273396
59.523809523809526 1083.8389818720407
60.200668896321076 1082.547841403051
60.85526315789473 1081.2914681243888
61.48867313915858 1080.0684012080308
62.101910828025474 1078.8772638513
62.695924764890286 1077.7167571396285
63.27160493827161 1076.5856544514008
63.829787234042556 1075.4827963492403
64.37125748502994 1074.4070859077215
64.89675516224189 1073.3574844343434
65.40697674418605 1072.3330075448303
65.90257879656161 1071.3327215585548
66.38418079096046 1070.3557401833586
66.85236768802228 1069.4012214628083
67.3076923076923 1068.4683649613203
67.75067750677508 1067.5564091656588
68.18181818181817 1066.6646290833137
68.60158311345647 1065.7923340200887
69.01041666666666 1064.9388655215012
69.40874035989717 1064.103595463689
69.79695431472082 1063.2859242811992
70.17543859649122 1062.4852793201967
70.54455445544554 1061.7011133062817
70.90464547677261 1060.9329029184198
71.25603864734299 1060.1801474594095
71.59904534606206 1059.4423676160113
71.93396226415094 1058.7191043010648
72.26107226107227 1058.00991757176
72.58064516129032 1057.3143856177012
72.89293849658314 1056.6321038139722
73.1981981981982 1055.9626838332713
73.49665924276168 1055.3057528156091
73.7885462555066 1054.6609525863528
74.07407407407408 1054.0279389242824
74.35344827586206 1053.4063808730411
74.6268656716418 1052.795960093656
74.89451476793249 1052.1963702554785
75.15657620041753 1051.60731646263
75.41322314049587 1051.0285147136801
75.66462167689161 1050.4596913919795
75.91093117408909 1049.900582785317
76.15230460921843 1049.3509346318524
76.3888888888889 1048.8105016918325
76.62082514734774 1048.2790473423302
76.84824902723734 1047.7563431942872
77.07129094412332 1047.242168730063
77.29007633587786 1046.7363109602388
77.50472589792061 1046.238564098594
77.71535580524346 1045.748729254118
77.92207792207792 1045.2666141386567
78.12500000000001 1044.7920327899578
78.32422586520946 1044.3248053085495
78.51985559566788 1043.8647576078074
78.71198568872988 1043.4117211765874
78.90070921985816 1042.9655328535728
79.08611599297014 1042.5260346126106
79.26829268292683 1042.0930733585465
79.44732297063904 1041.6665007328606
79.62328767123289 1041.246172928329
79.79626485568761 1040.8319505129339
79.96632996632998 1040.4236982615294
80.13355592654423 1040.0212849956733
80.29801324503312 1039.6245834306205
80.45977011494254 1039.2334700294168
80.61889250814332 1038.8478248636034
80.77544426494346 1038.4675314801007
80.92948717948717 1038.0924767741499
81.08108108108108 1037.7225508676975
81.23028391167193 1037.3576469933664
81.37715179968701 1036.9976613831136
81.5217391304348 1036.6424931621464
81.66409861325114 1036.2920442469522
81.80428134556576 1035.9462192479532
81.9423368740516 1035.6049253761512
82.07831325301204 1035.2680723536605
82.21225710014949 1034.9355723280678
82.34421364985162 1034.60733979025
82.47422680412372 1034.2832914953237
82.60233918128655 1033.9633463874407
82.72859216255442 1033.6474255268968
82.85302593659944 1033.3354520205148
82.97567954220314 1033.0273509549943
83.09659090909092 1032.7230493324714
83.21579689703809 1032.4224760085553
83.33333333333333 1032.1255616335975
83.44923504867873 1031.832238595066
83.5635359116022 1031.5424409631123
83.67626886145405 1031.256104437448
83.7874659400545 1030.973166297024
83.89715832205682 1030.6935653507753
84.00537634408603 1030.4172418907592
84.11214953271028 1030.144137646971
84.21750663129974 1029.8741957436346
84.32147562582347 1029.6073606570667
84.42408376963351 1029.343578175426
84.52535760728219 1029.0827953595863
84.62532299741602 1028.8249605053807
84.7240051347882 1028.5700231076476
84.82142857142858 1028.3179338248078
84.91761723700887 1028.0686444454682
85.0125944584383 1027.822107855659
85.1063829787234 1027.5782780074837
85.19900497512438 1027.3371098885673
85.29048207663783 1027.098559493079
85.38083538083538 1026.8625837930222
85.47008547008548 1026.6291407112021
85.55825242718447 1026.398189094623
85.6453558504222 1026.1696886890104
85.73141486810553 1025.9436001140307
85.81644815256257 1025.7198848395728
85.9004739336493 1025.498505162543
85.98351001177856 1025.2794241845186
86.06557377049181 1025.06260579024
86.1466821885914 1024.8480146265547
86.22685185185185 1024.635616082444
86.30609896432682 1024.4253762691324
86.38443935926773 1024.2172620013025
86.46188850967008 1024.0112407789638
86.53846153846155 1023.8072807686058
86.61417322834646 1023.60535078785
86.68903803131992 1023.405420286972
86.76307007786428 1023.207459333737
86.83628318584071 1023.0114385972138
86.90869086908691 1022.8173293329792
86.98030634573306 1022.6251033680774
87.05114254624591 1022.4347330868795
87.12121212121212 1022.2461914172914
87.19052744886976 1022.0594518171242
87.2591006423983 1021.8744882611418
87.32694355697551 1021.6912752284952
87.39406779661017 1021.5097876903019
87.4604847207587 1021.3300010978583
87.52620545073376 1021.1518913709142
87.59124087591242 1020.9754348865408
87.65560165975104 1020.8006084682643
87.71929824561404 1020.6273893752405
87.782340862423 1020.4557552924939
87.84473953013278 1020.285684320072
87.90650406504066 1020.1171549640821
87.96764408493428 1019.9501461268687
88.02816901408451 1019.7846370980506
88.08808808808809 1019.6206075453324
88.14741035856574 1019.4580375060536
88.20614469772052 1019.2969073786753
88.26429980276134 1019.1371979145742
88.32188420019628 1018.9788902100418
88.37890625 1018.821965698528
88.43537414965988 1018.6664061431111
88.49129593810446 1018.5121936292944
88.54667949951877 1018.3593105574755
88.60153256704982 1018.2077396363161
88.65586272640611 1018.0574638759276
88.70967741935483 1017.9084665811592
88.76298394711993 1017.7607313452131
88.81578947368422 1017.6142420434644
88.86810102899906 1017.4689828272813
88.91992551210429 1017.3249381181722
88.97126969416126 1017.1820926019336
89.02214022140222 1017.0404312231858
89.07254361799816 1016.8999391794387
89.12248628884826 1016.760601916385
89.171974522293 1016.622405122273
89.22101449275362 1016.4853347228927
89.26961226330027 1016.3493768767057
89.31777378815082 1016.2145179699542
863.0
0.0 982.6581200824921
4.03225806451613 1013.1423884953961
7.751937984496124 1036.5720289253022
11.194029850746269 1055.6107895570904
14.388489208633096 1071.6303209274827
17.36111111111111 1085.4364345963654
20.13422818791946 1097.5455730655426
22.727272727272727 1108.3099180866236
25.15723270440252 1117.9810915320945
27.439024390243905 1126.745514579361
29.585798816568047 1134.7453790848795
31.60919540229885 1131.6039205524783
33.5195530726257 1128.6061817965447
35.32608695652174 1125.7416729950398
37.03703703703704 1123.0009573205905
38.659793814432994 1120.375517323314
40.20100502512563 1117.857641642613
41.666666666666664 1115.4403284689238
43.0622009569378 1113.117202886997
44.39252336448599 1110.882445787455
45.662100456621005 1108.7307324690244
46.875 1106.6571793982757
48.03493449781659 1104.6572978686686
49.14529914529914 1102.7269535198673
50.209205020920514 1100.862330856097
51.229508196721305 1099.0599020456557
52.20883534136546 1097.3163994002357
53.14960629921261 1095.6287910292917
54.054054054054056 1093.9942592424995
54.92424242424243 1092.4101813392463
55.762081784386616 1090.87411247742
56.569343065693424 1089.3837703593908
57.34767025089605 1087.937021510112
58.098591549295776 1086.5318689545154
58.82352941176471 1085.1664411273396
59.523809523809526 1083.8389818720407
60.200668896321076 1082.547841403051
60.85526315789473 1081.2914681243888
61.48867313915858 1080.0684012080308
62.101910828025474 1078.8772638513
62.695924764890286 1077.7167571396285
63.27160493827161 1076.5856544514008
63.829787234042556 1075.4827963492403
64.37125748502994 1074.4070859077215
64.89675516224189 1073.3574844343434
65.40697674418605 1072.3330075448303
65.90257879656161 1071.3327215585548
66.38418079096046 1070.3557401833586
66.85236768802228 1069.4012214628083
67.3076923076923 1068.4683649613203
67.75067750677508 1067.5564091656588
68.18181818181817 1066.6646290833137
68.60158311345647 1065.7923340200887
69.01041666666666 1064.9388655215012
69.40874035989717 1064.103595463689
69.79695431472082 1063.2859242811992
70.17543859649122 1062.4852793201967
70.54455445544554 1061.7011133062817
70.90464547677261 1060.9329029184198
71.25603864734299 1060.1801474594095
71.59904534606206 1059.4423676160113
71.93396226415094 1058.7191043010648
72.26107226107227 1058.00991757176
72.58064516129032 1057.3143856177012
72.89293849658314 1056.6321038139722
73.1981981981982 1055.9626838332713
73.49665924276168 1055.3057528156091
73.7885462555066 1054.6609525863528
74.07407407407408 1054.0279389242824
74.35344827586206 1053.4063808730411
74.6268656716418 1052.795960093656
74.89451476793249 1052.1963702554785
75.15657620041753 1051.60731646263
75.41322314049587 1051.0285147136801
75.66462167689161 1050.4596913919795
75.91093117408909 1049.900582785317
76.15230460921843 1049.3509346318524
76.3888888888889 1048.8105016918325
76.62082514734774 1048.2790473423302
76.84824902723734 1047.7563431942872
77.07129094412332 1047.242168730063
77.29007633587786 1046.7363109602388
77.50472589792061 1046.238564098594
77.71535580524346 1045.748729254118
77.92207792207792 1045.2666141386567
78.12500000000001 1044.7920327899578
78.32422586520946 1044.3248053085495
78.51985559566788 1043.8647576078074
78.71198568872988 1043.4117211765874
78.90070921985816 1042.9655328535728
79.08611599297014 1042.5260346126106
79.26829268292683 1042.0930733585465
79.44732297063904 1041.6665007328606
79.62328767123289 1041.246172928329
79.79626485568761 1040.8319505129339
79.96632996632998 1040.4236982615294
80.13355592654423 1040.0212849956733
80.29801324503312 1039.6245834306205
80.45977011494254 1039.2334700294168
80.61889250814332 1038.8478248636034
80.77544426494346 1038.4675314801007
80.92948717948717 1038.0924767741499
81.08108108108108 1037.7225508676975
81.23028391167193 1037.3576469933664
81.37715179968701 1036.9976613831136
81.5217391304348 1036.6424931621464
81.66409861325114 1036.2920442469522
81.80428134556576 1035.9462192479532
81.9423368740516 1035.6049253761512
82.07831325301204 1035.2680723536605
82.21225710014949 1034.9355723280678
82.34421364985162 1034.60733979025
82.47422680412372 1034.2832914953237
82.60233918128655 1033.9633463874407
82.72859216255442 1033.6474255268968
82.85302593659944 1033.3354520205148
82.97567954220314 1033.0273509549943
83.09659090909092 1032.7230493324714
83.21579689703809 1032.4224760085553
83.33333333333333 1032.1255616335975
83.44923504867873 1031.832238595066
83.5635359116022 1031.5424409631123
83.67626886145405 1031.256104437448
83.7874659400545 1030.973166297024
83.89715832205682 1030.6935653507753
84.00537634408603 1030.4172418907592
84.11214953271028 1030.144137646971
84.21750663129974 1029.8741957436346
84.32147562582347 1029.6073606570667
84.42408376963351 1029.343578175426
84.52535760728219 1029.0827953595863
84.62532299741602 1028.8249605053807
84.7240051347882 1028.5700231076476
84.82142857142858 1028.3179338248078
84.91761723700887 1028.0686444454682
85.0125944584383 1027.822107855659
85.1063829787234 1027.5782780074837
85.19900497512438 1027.3371098885673
85.29048207663783 1027.098559493079
85.38083538083538 1026.8625837930222
85.47008547008548 1026.6291407112021
85.55825242718447 1026.398189094623
85.6453558504222 1026.1696886890104
85.73141486810553 1025.9436001140307
85.81644815256257 1025.7198848395728
85.9004739336493 1025.498505162543
85.98351001177856 1025.2794241845186
86.06557377049181 1025.06260579024
86.1466821885914 1024.8480146265547
86.22685185185185 1024.635616082444
86.30609896432682 1024.4253762691324
86.38443935926773 1024.2172620013025
86.46188850967008 1024.0112407789638
86.53846153846155 1023.8072807686058
86.61417322834646 1023.60535078785
86.68903803131992 1023.405420286972
86.76307007786428 1023.207459333737
86.83628318584071 1023.0114385972138
86.90869086908691 1022.8173293329792
86.98030634573306 1022.6251033680774
87.05114254624591 1022.4347330868795
87.12121212121212 1022.2461914172914
87.19052744886976 1022.0594518171242
87.2591006423983 1021.8744882611418
87.32694355697551 1021.6912752284952
87.39406779661017 1021.5097876903019
87.4604847207587 1021.3300010978583
87.52620545073376 1021.1518913709142
87.59124087591242 1020.9754348865408
87.65560165975104 1020.8006084682643
87.71929824561404 1020.6273893752405
87.782340862423 1020.4557552924939
87.84473953013278 1020.285684320072
87.90650406504066 1020.1171549640821
87.96764408493428 1019.9501461268687
88.02816901408451 1019.7846370980506
88.08808808808809 1019.6206075453324
88.14741035856574 1019.4580375060536
88.20614469772052 1019.2969073786753
88.26429980276134 1019.1371979145742
88.32188420019628 1018.9788902100418
88.37890625 1018.821965698528
88.43537414965988 1018.6664061431111
88.49129593810446 1018.5121936292944
88.54667949951877 1018.3593105574755
88.60153256704982 1018.2077396363161
88.65586272640611 1018.0574638759276
88.70967741935483 1017.9084665811592
88.76298394711993 1017.7607313452131
88.81578947368422 1017.6142420434644
88.86810102899906 1017.4689828272813
88.91992551210429 1017.3249381181722
88.97126969416126 1017.1820926019336
89.02214022140222 1017.0404312231858
89.07254361799816 1016.8999391794387
89.12248628884826 1016.760601916385
89.171974522293 1016.622405122273
89.22101449275362 1016.4853347228927
89.26961226330027 1016.3493768767057
89.31777378815082 1016.2145179699542
873.0
0.0 982.6581200824921
4.03225806451613 1013.1423884953961
7.751937984496124 1036.5720289253022
11.194029850746269 1055.6107895570904
14.388489208633096 1071.6303209274827
17.36111111111111 1085.4364345963654
20.13422818791946 1097.5455730655426
22.727272727272727 1108.3099180866236
25.15723270440252 1117.9810915320945
27.439024390243905 1126.745514579361
29.585798816568047 1134.7453790848795
31.60919540229885 1131.6039205524783
33.5195530726257 1128.6061817965447
35.32608695652174 1125.7416729950398
37.03703703703704 1123.0009573205905
38.659793814432994 1120.375517323314
40.20100502512563 1117.857641642613
41.666666666666664 1115.4403284689238
43.0622009569378 1113.117202886997
44.39252336448599 1110.882445787455
45.662100456621005 1108.7307324690244
46.875 1106.6571793982757
48.03493449781659 1104.6572978686686
49.14529914529914 1102.7269535198673
50.209205020920514 1100.862330856097
51.229508196721305 1099.0599020456557
52.20883534136546 1097.3163994002357
53.14960629921261 1095.6287910292917
54.054054054054056 1093.9942592424995
54.92424242424243 1092.4101813392463
55.762081784386616 1090.87411247742
56.569343065693424 1089.3837703593908
57.34767025089605 1087.937021510112
58.098591549295776 1086.5318689545154
58.82352941176471 1085.1664411273396
59.523809523809526 1083.8389818720407
60.200668896321076 1082.547841403051
60.85526315789473 1081.2914681243888
61.48867313915858 1080.0684012080308
62.101910828025474 1078.8772638513
62.695924764890286 1077.7167571396285
63.27160493827161 1076.5856544514008
63.829787234042556 1075.4827963492403
64.37125748502994 1074.4070859077215
64.89675516224189 1073.3574844343434
65.40697674418605 1072.3330075448303
65.90257879656161 1071.3327215585548
66.38418079096046 1070.3557401833586
66.85236768802228 1069.4012214628083
67.3076923076923 1068.4683649613203
67.75067750677508 1067.5564091656588
68.18181818181817 1066.6646290833137
68.60158311345647 1065.7923340200887
69.01041666666666 1064.9388655215012
69.40874035989717 1064.103595463689
69.79695431472082 1063.2859242811992
70.17543859649122 1062.4852793201967
70.54455445544554 1061.7011133062817
70.90464547677261 1060.9329029184198
71.25603864734299 1060.1801474594095
71.59904534606206 1059.4423676160113
71.93396226415094 1058.7191043010648
72.26107226107227 1058.00991757176
72.58064516129032 1057.3143856177012
72.89293849658314 1056.6321038139722
73.1981981981982 1055.9626838332713
73.49665924276168 1055.3057528156091
73.7885462555066 1054.6609525863528
74.07407407407408 1054.0279389242824
74.35344827586206 1053.4063808730411
74.6268656716418 1052.795960093656
74.89451476793249 1052.1963702554785
75.15657620041753 1051.60731646263
75.41322314049587 1051.0285147136801
75.66462167689161 1050.4596913919795
75.91093117408909 1049.900582785317
76.15230460921843 1049.3509346318524
76.3888888888889 1048.8105016918325
76.62082514734774 1048.2790473423302
76.84824902723734 1047.7563431942872
77.07129094412332 1047.242168730063
77.29007633587786 1046.7363109602388
77.50472589792061 1046.238564098594
77.71535580524346 1045.748729254118
77.92207792207792 1045.2666141386567
78.12500000000001 1044.7920327899578
78.32422586520946 1044.3248053085495
78.51985559566788 1043.8647576078074
78.71198568872988 1043.4117211765874
78.90070921985816 1042.9655328535728
79.08611599297014 1042.5260346126106
79.26829268292683 1042.0930733585465
79.44732297063904 1041.6665007328606
79.62328767123289 1041.246172928329
79.79626485568761 1040.8319505129339
79.96632996632998 1040.4236982615294
80.13355592654423 1040.0212849956733
80.29801324503312 1039.6245834306205
80.45977011494254 1039.2334700294168
80.61889250814332 1038.8478248636034
80.77544426494346 1038.4675314801007
80.92948717948717 1038.0924767741499
81.08108108108108 1037.7225508676975
81.23028391167193 1037.3576469933664
81.37715179968701 1036.9976613831136
81.5217391304348 1036.6424931621464
81.66409861325114 1036.2920442469522
81.80428134556576 1035.9462192479532
81.9423368740516 1035.6049253761512
82.07831325301204 1035.2680723536605
82.21225710014949 1034.9355723280678
82.34421364985162 1034.60733979025
82.47422680412372 1034.2832914953237
82.60233918128655 1033.9633463874407
82.72859216255442 1033.6474255268968
82.85302593659944 1033.3354520205148
82.97567954220314 1033.0273509549943
83.09659090909092 1032.7230493324714
83.21579689703809 1032.4224760085553
83.33333333333333 1032.1255616335975
83.44923504867873 1031.832238595066
83.5635359116022 1031.5424409631123
83.67626886145405 1031.256104437448
83.7874659400545 1030.973166297024
83.89715832205682 1030.6935653507753
84.00537634408603 1030.4172418907592
84.11214953271028 1030.144137646971
84.21750663129974 1029.8741957436346
84.32147562582347 1029.6073606570667
84.42408376963351 1029.343578175426
84.52535760728219 1029.0827953595863
84.62532299741602 1028.8249605053807
84.7240051347882 1028.5700231076476
84.82142857142858 1028.3179338248078
84.91761723700887 1028.0686444454682
85.0125944584383 1027.822107855659
85.1063829787234 1027.5782780074837
85.19900497512438 1027.3371098885673
85.29048207663783 1027.098559493079
85.38083538083538 1026.8625837930222
85.47008547008548 1026.6291407112021
85.55825242718447 1026.398189094623
85.6453558504222 1026.1696886890104
85.73141486810553 1025.9436001140307
85.81644815256257 1025.7198848395728
85.9004739336493 1025.498505162543
85.98351001177856 1025.2794241845186
86.06557377049181 1025.06260579024
86.1466821885914 1024.8480146265547
86.22685185185185 1024.635616082444
86.30609896432682 1024.4253762691324
86.38443935926773 1024.2172620013025
86.46188850967008 1024.0112407789638
86.53846153846155 1023.8072807686058
86.61417322834646 1023.60535078785
86.68903803131992 1023.405420286972
86.76307007786428 1023.207459333737
86.83628318584071 1023.0114385972138
86.90869086908691 1022.8173293329792
86.98030634573306 1022.6251033680774
87.05114254624591 1022.4347330868795
87.12121212121212 1022.2461914172914
87.19052744886976 1022.0594518171242
87.2591006423983 1021.8744882611418
87.32694355697551 1021.6912752284952
87.39406779661017 1021.5097876903019
87.4604847207587 1021.3300010978583
87.52620545073376 1021.1518913709142
87.59124087591242 1020.9754348865408
87.65560165975104 1020.8006084682643
87.71929824561404 1020.6273893752405
87.782340862423 1020.4557552924939
87.84473953013278 1020.285684320072
87.90650406504066 1020.1171549640821
87.96764408493428 1019.9501461268687
88.02816901408451 1019.7846370980506
88.08808808808809 1019.6206075453324
88.14741035856574 1019.4580375060536
88.20614469772052 1019.2969073786753
88.26429980276134 1019.1371979145742
88.32188420019628 1018.9788902100418
88.37890625 1018.821965698528
88.43537414965988 1018.6664061431111
88.49129593810446 1018.5121936292944
88.54667949951877 1018.3593105574755
88.60153256704982 1018.2077396363161
88.65586272640611 1018.0574638759276
88.70967741935483 1017.9084665811592
88.76298394711993 1017.7607313452131
88.81578947368422 1017.6142420434644
88.86810102899906 1017.4689828272813
88.91992551210429 1017.3249381181722
88.97126969416126 1017.1820926019336
89.02214022140222 1017.0404312231858
89.07254361799816 1016.8999391794387
89.12248628884826 1016.760601916385
89.171974522293 1016.622405122273
89.22101449275362 1016.4853347228927
89.26961226330027 1016.3493768767057
89.31777378815082 1016.2145179699542
973.0
0.0 982.6581200824921
4.03225806451613 1013.1423884953961
7.751937984496124 1036.5720289253022
11.194029850746269 1055.6107895570904
14.388489208633096 1071.6303209274827
17.36111111111111 1085.4364345963654
20.13422818791946 1097.5455730655426
22.727272727272727 1108.3099180866236
25.15723270440252 1117.9810915320945
27.439024390243905 1126.745514579361
29.585798816568047 1134.7453790848795
31.60919540229885 1131.6039205524783
33.5195530726257 1128.6061817965447
35.32608695652174 1125.7416729950398
37.03703703703704 1123.0009573205905
38.659793814432994 1120.375517323314
40.20100502512563 1117.857641642613
41.666666666666664 1115.4403284689238
43.0622009569378 1113.117202886997
44.39252336448599 1110.882445787455
45.662100456621005 1108.7307324690244
46.875 1106.6571793982757
48.03493449781659 1104.6572978686686
49.14529914529914 1102.7269535198673
50.209205020920514 1100.862330856097
51.229508196721305 1099.0599020456557
52.20883534136546 1097.3163994002357
53.14960629921261 1095.6287910292917
54.054054054054056 1093.9942592424995
54.92424242424243 1092.4101813392463
55.762081784386616 1090.87411247742
56.569343065693424 1089.3837703593908
57.34767025089605 1087.937021510112
58.098591549295776 1086.5318689545154
58.82352941176471 1085.1664411273396
59.523809523809526 1083.8389818720407
60.200668896321076 1082.547841403051
60.85526315789473 1081.2914681243888
61.48867313915858 1080.0684012080308
62.101910828025474 1078.8772638513
62.695924764890286 1077.7167571396285
63.27160493827161 1076.5856544514008
63.829787234042556 1075.4827963492403
64.37125748502994 1074.4070859077215
64.89675516224189 1073.3574844343434
65.40697674418605 1072.3330075448303
65.90257879656161 1071.3327215585548
66.38418079096046 1070.3557401833586
66.85236768802228 1069.4012214628083
67.3076923076923 1068.4683649613203
67.75067750677508 1067.5564091656588
68.18181818181817 1066.6646290833137
68.60158311345647 1065.7923340200887
69.01041666666666 1064.9388655215012
69.40874035989717 1064.103595463689
69.79695431472082 1063.2859242811992
70.17543859649122 1062.4852793201967
70.54455445544554 1061.7011133062817
70.90464547677261 1060.9329029184198
71.25603864734299 1060.1801474594095
71.59904534606206 1059.4423676160113
71.93396226415094 1058.7191043010648
72.26107226107227 1058.00991757176
72.58064516129032 1057.3143856177012
72.89293849658314 1056.6321038139722
73.1981981981982 1055.9626838332713
73.49665924276168 1055.3057528156091
73.7885462555066 1054.6609525863528
74.07407407407408 1054.0279389242824
74.35344827586206 1053.4063808730411
74.6268656716418 1052.795960093656
74.89451476793249 1052.1963702554785
75.15657620041753 1051.60731646263
75.41322314049587 1051.0285147136801
75.66462167689161 1050.4596913919795
75.91093117408909 1049.900582785317
76.15230460921843 1049.3509346318524
76.3888888888889 1048.8105016918325
76.62082514734774 1048.2790473423302
76.84824902723734 1047.7563431942872
77.07129094412332 1047.242168730063
77.29007633587786 1046.7363109602388
77.50472589792061 1046.238564098594
77.71535580524346 1045.748729254118
77.92207792207792 1045.2666141386567
78.12500000000001 1044.7920327899578
78.32422586520946 1044.3248053085495
78.51985559566788 1043.8647576078074
78.71198568872988 1043.4117211765874
78.90070921985816 1042.9655328535728
79.08611599297014 1042.5260346126106
79.26829268292683 1042.0930733585465
79.44732297063904 1041.6665007328606
79.62328767123289 1041.246172928329
79.79626485568761 1040.8319505129339
79.96632996632998 1040.4236982615294
80.13355592654423 1040.0212849956733
80.29801324503312 1039.6245834306205
80.45977011494254 1039.2334700294168
80.61889250814332 1038.8478248636034
80.77544426494346 1038.4675314801007
80.92948717948717 1038.0924767741499
81.08108108108108 1037.7225508676975
81.23028391167193 1037.3576469933664
81.37715179968701 1036.9976613831136
81.5217391304348 1036.6424931621464
81.66409861325114 1036.2920442469522
81.80428134556576 1035.9462192479532
81.9423368740516 1035.6049253761512
82.07831325301204 1035.2680723536605
82.21225710014949 1034.9355723280678
82.34421364985162 1034.60733979025
82.47422680412372 1034.2832914953237
82.60233918128655 1033.9633463874407
82.72859216255442 1033.6474255268968
82.85302593659944 1033.3354520205148
82.97567954220314 1033.0273509549943
83.09659090909092 1032.7230493324714
83.21579689703809 1032.4224760085553
83.33333333333333 1032.1255616335975
83.44923504867873 1031.832238595066
83.5635359116022 1031.5424409631123
83.67626886145405 1031.256104437448
83.7874659400545 1030.973166297024
83.89715832205682 1030.6935653507753
84.00537634408603 1030.4172418907592
84.11214953271028 1030.144137646971
84.21750663129974 1029.8741957436346
84.32147562582347 1029.6073606570667
84.42408376963351 1029.343578175426
84.52535760728219 1029.0827953595863
84.62532299741602 1028.8249605053807
84.7240051347882 1028.5700231076476
84.82142857142858 1028.3179338248078
84.91761723700887 1028.0686444454682
85.0125944584383 1027.822107855659
85.1063829787234 1027.5782780074837
85.19900497512438 1027.3371098885673
85.29048207663783 1027.098559493079
85.38083538083538 1026.8625837930222
85.47008547008548 1026.6291407112021
85.55825242718447 1026.398189094623
85.6453558504222 1026.1696886890104
85.73141486810553 1025.9436001140307
85.81644815256257 1025.7198848395728
85.9004739336493 1025.498505162543
85.98351001177856 1025.2794241845186
86.06557377049181 1025.06260579024
86.1466821885914 1024.8480146265547
86.22685185185185 1024.635616082444
86.30609896432682 1024.4253762691324
86.38443935926773 1024.2172620013025
86.46188850967008 1024.0112407789638
86.53846153846155 1023.8072807686058
86.61417322834646 1023.60535078785
86.68903803131992 1023.405420286972
86.76307007786428 1023.207459333737
86.83628318584071 1023.0114385972138
86.90869086908691 1022.8173293329792
86.98030634573306 1022.6251033680774
87.05114254624591 1022.4347330868795
87.12121212121212 1022.2461914172914
87.19052744886976 1022.0594518171242
87.2591006423983 1021.8744882611418
87.32694355697551 1021.6912752284952
87.39406779661017 1021.5097876903019
87.4604847207587 1021.3300010978583
87.52620545073376 1021.1518913709142
87.59124087591242 1020.9754348865408
87.65560165975104 1020.8006084682643
87.71929824561404 1020.6273893752405
87.782340862423 1020.4557552924939
87.84473953013278 1020.285684320072
87.90650406504066 1020.1171549640821
87.96764408493428 1019.9501461268687
88.02816901408451 1019.7846370980506
88.08808808808809 1019.6206075453324
88.14741035856574 1019.4580375060536
88.20614469772052 1019.2969073786753
88.26429980276134 1019.1371979145742
88.32188420019628 1018.9788902100418
88.37890625 1018.821965698528
88.43537414965988 1018.6664061431111
88.49129593810446 1018.5121936292944
88.54667949951877 1018.3593105574755
88.60153256704982 1018.2077396363161
88.65586272640611 1018.0574638759276
88.70967741935483 1017.9084665811592
88.76298394711993 1017.7607313452131
88.81578947368422 1017.6142420434644
88.86810102899906 1017.4689828272813
88.91992551210429 1017.3249381181722
88.97126969416126 1017.1820926019336
89.02214022140222 1017.0404312231858
89.07254361799816 1016.8999391794387
89.12248628884826 1016.760601916385
89.171974522293 1016.622405122273
89.22101449275362 1016.4853347228927
89.26961226330027 1016.3493768767057
89.31777378815082 1016.2145179699542
1073.0
0.0 982.6581200824921
4.03225806451613 1013.1423884953961
7.751937984496124 1036.5720289253022
11.194029850746269 1055.6107895570904
14.388489208633096 1071.6303209274827
17.36111111111111 1085.4364345963654
20.13422818791946 1097.5455730655426
22.727272727272727 1108.3099180866236
25.15723270440252 1117.9810915320945
27.439024390243905 1126.745514579361
29.585798816568047 1134.7453790848795
31.60919540229885 1131.6039205524783
33.5195530726257 1128.6061817965447
35.32608695652174 1125.7416729950398
37.03703703703704 1123.0009573205905
38.659793814432994 1120.375517323314
40.20100502512563 1117.857641642613
41.666666666666664 1115.4403284689238
43.0622009569378 1113.117202886997
44.39252336448599 1110.882445787455
45.662100456621005 1108.7307324690244
46.875 1106.6571793982757
48.03493449781659 1104.6572978686686
49.14529914529914 1102.7269535198673
50.209205020920514 1100.862330856097
51.229508196721305 1099.0599020456557
52.20883534136546 1097.3163994002357
53.14960629921261 1095.6287910292917
54.054054054054056 1093.9942592424995
54.92424242424243 1092.4101813392463
55.762081784386616 1090.87411247742
56.569343065693424 1089.3837703593908
57.34767025089605 1087.937021510112
58.098591549295776 1086.5318689545154
58.82352941176471 1085.1664411273396
59.523809523809526 1083.8389818720407
60.200668896321076 1082.547841403051
60.85526315789473 1081.2914681243888
61.48867313915858 1080.0684012080308
62.101910828025474 1078.8772638513
62.695924764890286 1077.7167571396285
63.27160493827161 1076.5856544514008
63.829787234042556 1075.4827963492403
64.37125748502994 1074.4070859077215
64.89675516224189 1073.3574844343434
65.40697674418605 1072.3330075448303
65.90257879656161 1071.3327215585548
66.38418079096046 1070.3557401833586
66.85236768802228 1069.4012214628083
67.3076923076923 1068.4683649613203
67.75067750677508 1067.5564091656588
68.18181818181817 1066.6646290833137
68.60158311345647 1065.7923340200887
69.01041666666666 1064.9388655215012
69.40874035989717 1064.103595463689
69.79695431472082 1063.2859242811992
70.17543859649122 1062.4852793201967
70.54455445544554 1061.7011133062817
70.90464547677261 1060.9329029184198
71.25603864734299 1060.1801474594095
71.59904534606206 1059.4423676160113
71.93396226415094 1058.7191043010648
72.26107226107227 1058.00991757176
72.58064516129032 1057.3143856177012
72.89293849658314 1056.6321038139722
73.1981981981982 1055.9626838332713
73.49665924276168 1055.3057528156091
73.7885462555066 1054.6609525863528
74.07407407407408 1054.0279389242824
74.35344827586206 1053.4063808730411
74.6268656716418 1052.795960093656
74.89451476793249 1052.1963702554785
75.15657620041753 1051.60731646263
75.41322314049587 1051.0285147136801
75.66462167689161 1050.4596913919795
75.91093117408909 1049.900582785317
76.15230460921843 1049.3509346318524
76.3888888888889 1048.8105016918325
76.62082514734774 1048.2790473423302
76.84824902723734 1047.7563431942872
77.07129094412332 1047.242168730063
77.29007633587786 1046.7363109602388
77.50472589792061 1046.238564098594
77.71535580524346 1045.748729254118
77.92207792207792 1045.2666141386567
78.12500000000001 1044.7920327899578
78.32422586520946 1044.3248053085495
78.51985559566788 1043.8647576078074
78.71198568872988 1043.4117211765874
78.90070921985816 1042.9655328535728
79.08611599297014 1042.5260346126106
79.26829268292683 1042.0930733585465
79.44732297063904 1041.6665007328606
79.62328767123289 1041.246172928329
79.79626485568761 1040.8319505129339
79.96632996632998 1040.4236982615294
80.13355592654423 1040.0212849956733
80.29801324503312 1039.6245834306205
80.45977011494254 1039.2334700294168
80.61889250814332 1038.8478248636034
80.77544426494346 1038.4675314801007
80.92948717948717 1038.0924767741499
81.08108108108108 1037.7225508676975
81.23028391167193 1037.3576469933664
81.37715179968701 1036.9976613831136
81.5217391304348 1036.6424931621464
81.66409861325114 1036.2920442469522
81.80428134556576 1035.9462192479532
81.9423368740516 1035.6049253761512
82.07831325301204 1035.2680723536605
82.21225710014949 1034.9355723280678
82.34421364985162 1034.60733979025
82.47422680412372 1034.2832914953237
82.60233918128655 1033.9633463874407
82.72859216255442 1033.6474255268968
82.85302593659944 1033.3354520205148
82.97567954220314 1033.0273509549943
83.09659090909092 1032.7230493324714
83.21579689703809 1032.4224760085553
83.33333333333333 1032.1255616335975
83.44923504867873 1031.832238595066
83.5635359116022 1031.5424409631123
83.67626886145405 1031.256104437448
83.7874659400545 1030.973166297024
83.89715832205682 1030.6935653507753
84.00537634408603 1030.4172418907592
84.11214953271028 1030.144137646971
84.21750663129974 1029.8741957436346
84.32147562582347 1029.6073606570667
84.42408376963351 1029.343578175426
84.52535760728219 1029.0827953595863
84.62532299741602 1028.8249605053807
84.7240051347882 1028.5700231076476
84.82142857142858 1028.3179338248078
84.91761723700887 1028.0686444454682
85.0125944584383 1027.822107855659
85.1063829787234 1027.5782780074837
85.19900497512438 1027.3371098885673
85.29048207663783 1027.098559493079
85.38083538083538 1026.8625837930222
85.47008547008548 1026.6291407112021
85.55825242718447 1026.398189094623
85.6453558504222 1026.1696886890104
85.73141486810553 1025.9436001140307
85.81644815256257 1025.7198848395728
85.9004739336493 1025.498505162543
85.98351001177856 1025.2794241845186
86.06557377049181 1025.06260579024
86.1466821885914 1024.8480146265547
86.22685185185185 1024.635616082444
86.30609896432682 1024.4253762691324
86.38443935926773 1024.2172620013025
86.46188850967008 1024.0112407789638
86.53846153846155 1023.8072807686058
86.61417322834646 1023.60535078785
86.68903803131992 1023.405420286972
86.76307007786428 1023.207459333737
86.83628318584071 1023.0114385972138
86.90869086908691 1022.8173293329792
86.98030634573306 1022.6251033680774
87.05114254624591 1022.4347330868795
87.12121212121212 1022.2461914172914
87.19052744886976 1022.0594518171242
87.2591006423983 1021.8744882611418
87.32694355697551 1021.6912752284952
87.39406779661017 1021.5097876903019
87.4604847207587 1021.3300010978583
87.52620545073376 1021.1518913709142
87.59124087591242 1020.9754348865408
87.65560165975104 1020.8006084682643
87.71929824561404 1020.6273893752405
87.782340862423 1020.4557552924939
87.84473953013278 1020.285684320072
87.90650406504066 1020.1171549640821
87.96764408493428 1019.9501461268687
88.02816901408451 1019.7846370980506
88.08808808808809 1019.6206075453324
88.14741035856574 1019.4580375060536
88.20614469772052 1019.2969073786753
88.26429980276134 1019.1371979145742
88.32188420019628 1018.9788902100418
88.37890625 1018.821965698528
88.43537414965988 1018.6664061431111
88.49129593810446 1018.5121936292944
88.54667949951877 1018.3593105574755
88.60153256704982 1018.2077396363161
88.65586272640611 1018.0574638759276
88.70967741935483 1017.9084665811592
88.76298394711993 1017.7607313452131
88.81578947368422 1017.6142420434644
88.86810102899906 1017.4689828272813
88.91992551210429 1017.3249381181722
88.97126969416126 1017.1820926019336
89.02214022140222 1017.0404312231858
89.07254361799816 1016.8999391794387
89.12248628884826 1016.760601916385
89.171974522293 1016.622405122273
89.22101449275362 1016.4853347228927
89.26961226330027 1016.3493768767057
89.31777378815082 1016.2145179699542
