373.0
0.0 982.6581200824921
4.03225806451613 1029.8741957436346
7.751937984496124 1062.803529735013
11.194029850746269 1088.2229815460505
14.388489208633096 1108.942309248422
17.36111111111111 1126.4175256096019
20.13422818791946 1141.5076609365178
22.727272727272727 1154.7650105038792
25.15723270440252 1166.5671460165674
27.439024390243905 1177.1843838110908
29.585798816568047 1186.8173448820517
31.60919540229885 1183.0408250040239
33.5195530726257 1179.4296161809734
35.32608695652174 1175.971831228702
37.03703703703704 1172.6567710617292
38.659793814432994 1169.4747740621528
40.20100502512563 1166.4170883718805
41.666666666666664 1163.4757630693218
43.0622009569378 1160.6435549958587
44.39252336448599 1157.913848622037
45.662100456621005 1155.2805868365385
46.875 1152.7382109291455
48.03493449781659 1150.2816083487483
49.14529914529914 1147.9060670657145
50.209205020920514 1145.6072355672404
51.229508196721305 1143.3810876768905
52.20883534136546 1141.223891520499
53.14960629921261 1139.1321820696044
54.054054054054056 1137.1027367816464
54.92424242424243 1135.1325539292975
55.762081784386616 1133.2188332732392
56.569343065693424 1131.3589587821298
57.34767025089605 1129.550483147059
58.098591549295776 1127.7911138724994
58.82352941176471 1126.0787007562487
59.523809523809526 1124.41122459682
60.200668896321076 1122.7867869868169
60.85526315789473 1121.203601070638
61.48867313915858 1119.659983159902
62.101910828025474 1118.1543451133348
62.695924764890286 1116.6851873995165
63.27160493827161 1115.2510927710102
63.829787234042556 1113.8507204866607
64.37125748502994 1112.4828010264525
64.89675516224189 1111.1461312497022
65.40697674418605 1109.8395699529465
65.90257879656161 1108.5620337892487
66.38418079096046 1107.3124935137162
66.85236768802228 1106.089970525361
67.3076923076923 1104.8935336774957
67.75067750677508 1103.7222963322802
68.18181818181817 1102.5754136375235
68.60158311345647 1101.4520800060154
69.01041666666666 1100.3515267798275
69.40874035989717 1099.2730200634298
69.79695431472082 1098.2158587115123
70.17543859649122 1097.1793724584245
70.54455445544554 1096.1629201776623
70.90464547677261 1095.1658882605443
71.25603864734299 1094.1876891046559
71.59904534606206 1093.2277597034954
71.93396226415094 1092.2855603288008
72.26107226107227 1091.3605732994063
72.58064516129032 1090.4523018283726
72.89293849658314 1089.5602689444718
73.1981981981982 1088.6840164807518
73.49665924276168 1087.8231041262416
73.7885462555066 1086.977108535773
74.07407407407408 1086.1456224936728
74.35344827586206 1085.32825412796
74.6268656716418 1084.524626170769
74.89451476793249 1083.7343752625145
75.15657620041753 1082.9571512960638
75.41322314049587 1082.1926167988363
75.66462167689161 1081.4404463497954
75.91093117408909 1080.700326029355
76.15230460921843 1079.9719528995524
76.3888888888889 1079.2550345132486
76.62082514734774 1078.5492884496443
76.84824902723734 1077.8544418750698
77.07129094412332 1077.1702311269894
77.29007633587786 1076.4964013202507
77.50472589792061 1075.8327059736848
77.71535580524346 1075.1789066560548
77.92207792207792 1074.534772650411
78.12500000000001 1073.900080635135
78.32422586520946 1073.274614381221
78.51985559566788 1072.6581644646285
78.71198568872988 1072.0505279929603
78.90070921985816 1071.4515083451442
79.08611599297014 1070.8609149240897
79.26829268292683 1070.2785629210996
79.44732297063904 1069.7042730914666
79.62328767123289 1069.1378715406995
79.79626485568761 1068.5791895207058
79.96632996632998 1068.0280632354788
80.13355592654423 1067.4843336555955
80.29801324503312 1066.9478463414612
80.45977011494254 1066.4184512740758
80.61889250814332 1065.8960026938416
80.77544426494346 1065.3803589462268
80.92948717948717 1064.871382334386
81.08108108108108 1064.3689389781048
81.23028391167193 1063.8728986790056
81.37715179968701 1063.3831347914224
81.5217391304348 1062.8995240988002
81.66409861325114 1062.4219466954764
81.80428134556576 1061.9502858730982
81.9423368740516 1061.4844280121747
82.07831325301204 1061.0242624777948
82.21225710014949 1060.5696815198462
82.34421364985162 1060.1205801769288
82.47422680412372 1059.6768561848512
82.60233918128655 1059.2384098880643
82.72859216255442 1058.8051441548396
82.85302593659944 1058.3769642960692
82.97567954220314 1057.9537779870338
83.09659090909092 1057.5354951921781
83.21579689703809 1057.1220280928128
83.33333333333333 1056.7132910177634
83.44923504867873 1056.3092003764336
83.5635359116022 1055.909674594509
83.67626886145405 1055.514634052156
83.7874659400545 1055.1240010242896
83.89715832205682 1054.7376996233356
84.00537634408603 1054.3556557439183
84.11214953271028 1053.9777970096338
84.21750663129974 1053.6040527216664
84.32147562582347 1053.2343538095733
84.42408376963351 1052.8686327832565
84.52535760728219 1052.5068236871039
84.62532299741602 1052.1488620559103
84.7240051347882 1051.7946848716895
84.82142857142858 1051.4442305224907
84.91761723700887 1051.0974387626584
85.0125944584383 1050.7542506741152
85.1063829787234 1050.414608629353
85.19900497512438 1050.0784562554281
85.29048207663783 1049.7457383992946
85.38083538083538 1049.4164010942245
85.47008547008548 1049.0903915274748
85.55825242718447 1048.7676580088146
85.6453558504222 1048.4481499403819
85.73141486810553 1048.1318177872163
85.81644815256257 1047.8186130489576
85.9004739336493 1047.5084882325268
85.98351001177856 1047.2013968253395
86.06557377049181 1046.897293269808
86.1466821885914 1046.5961329382935
86.22685185185185 1046.2978721092463
86.30609896432682 1046.0024679435082
86.38443935926773 1045.7098784620075
86.46188850967008 1045.4200625236786
86.53846153846155 1045.1329798044048
86.61417322834646 1044.8485907762688
86.68903803131992 1044.5668566875997
86.76307007786428 1044.2877395438404
86.83628318584071 1044.0112020885772
86.90869086908691 1043.7372077854297
86.98030634573306 1043.4657208003705
87.05114254624591 1043.1967059846784
87.12121212121212 1042.930128858302
87.19052744886976 1042.6659555935703
87.2591006423983 1042.4041529998044
87.32694355697551 1042.1446885079285
87.39406779661017 1041.887530155716
87.4604847207587 1041.6326465736279
87.52620545073376 1041.380006970653
87.59124087591242 1041.1295811209857
87.65560165975104 1040.8813393506625
87.71929824561404 1040.63525252506
87.782340862423 1040.3912920362473
87.84473953013278 1040.1494297910153
87.90650406504066 1039.9096381992126
87.96764408493428 1039.671890162183
88.02816901408451 1039.4361590617973
88.08808808808809 1039.2024187496077
88.14741035856574 1038.9706435363905
88.20614469772052 1038.7408081818535
88.26429980276134 1038.5128878848127
88.32188420019628 1038.2868582733909
88.37890625 1038.0626953957471
88.43537414965988 1037.840375710848
88.49129593810446 1037.6198760794637
88.54667949951877 1037.4011737556748
88.60153256704982 1037.1842463782377
88.65586272640611 1036.969071962419
88.70967741935483 1036.7556288919945
88.76298394711993 1036.5438959113908
88.81578947368422 1036.3338521181345
88.86810102899906 1036.1254769553216
88.91992551210429 1035.9187502044551
88.97126969416126 1035.7136519784876
89.02214022140222 1035.5101627147405
89.07254361799816 1035.3082631683355
89.12248628884826 1035.1079344059326
89.171974522293 1034.9091577985473
89.22101449275362 1034.7119150163326
89.26961226330027 1034.5161880219075
89.31777378815082 1034.3219590645663
473.0
0.0 982.6581200824921
4.03225806451613 1029.8741957436346
7.751937984496124 1062.803529735013
11.194029850746269 1088.2229815460505
14.388489208633096 1108.942309248422
17.36111111111111 1126.4175256096019
20.13422818791946 1141.5076609365178
22.727272727272727 1154.7650105038792
25.15723270440252 1166.5671460165674
27.439024390243905 1177.1843838110908
29.585798816568047 1186.8173448820517
31.60919540229885 1183.0408250040239
33.5195530726257 1179.4296161809734
35.32608695652174 1175.971831228702
37.03703703703704 1172.6567710617292
38.659793814432994 1169.4747740621528
40.20100502512563 1166.4170883718805
41.666666666666664 1163.4757630693218
43.0622009569378 1160.6435549958587
44.39252336448599 1157.913848622037
45.662100456621005 1155.2805868365385
46.875 1152.7382109291455
48.03493449781659 1150.2816083487483
49.14529914529914 1147.9060670657145
50.209205020920514 1145.6072355672404
51.229508196721305 1143.3810876768905
52.20883534136546 1141.223891520499
53.14960629921261 1139.1321820696044
54.054054054054056 1137.1027367816464
54.92424242424243 1135.1325539292975
55.762081784386616 1133.2188332732392
56.569343065693424 1131.3589587821298
57.34767025089605 1129.550483147059
58.098591549295776 1127.7911138724994
58.82352941176471 1126.0787007562487
59.523809523809526 1124.41122459682
60.200668896321076 1122.7867869868169
60.85526315789473 1121.203601070638
61.48867313915858 1119.659983159902
62.101910828025474 1118.1543451133348
62.695924764890286 1116.6851873995165
63.27160493827161 1115.2510927710102
63.829787234042556 1113.8507204866607
64.37125748502994 1112.4828010264525
64.89675516224189 1111.1461312497022
65.40697674418605 1109.8395699529465
65.90257879656161 1108.5620337892487
66.38418079096046 1107.3124935137162
66.85236768802228 1106.089970525361
67.3076923076923 1104.8935336774957
67.75067750677508 1103.7222963322802
68.18181818181817 1102.5754136375235
68.60158311345647 1101.4520800060154
69.01041666666666 1100.3515267798275
69.40874035989717 1099.2730200634298
69.79695431472082 1098.2158587115123
70.17543859649122 1097.1793724584245
70.54455445544554 1096.1629201776623
70.90464547677261 1095.1658882605443
71.25603864734299 1094.1876891046559
71.59904534606206 1093.2277597034954
71.93396226415094 1092.2855603288008
72.26107226107227 1091.3605732994063
72.58064516129032 1090.4523018283726
72.89293849658314 1089.5602689444718
73.1981981981982 1088.6840164807518
73.49665924276168 1087.8231041262416
73.7885462555066 1086.977108535773
74.07407407407408 1086.1456224936728
74.35344827586206 1085.32825412796
74.6268656716418 1084.524626170769
74.89451476793249 1083.7343752625145
75.15657620041753 1082.9571512960638
75.41322314049587 1082.1926167988363
75.66462167689161 1081.4404463497954
75.91093117408909 1080.700326029355
76.15230460921843 1079.9719528995524
76.3888888888889 1079.2550345132486
76.62082514734774 1078.5492884496443
76.84824902723734 1077.8544418750698
77.07129094412332 1077.1702311269894
77.29007633587786 1076.4964013202507
77.50472589792061 1075.8327059736848
77.71535580524346 1075.1789066560548
77.92207792207792 1074.534772650411
78.12500000000001 1073.900080635135
78.32422586520946 1073.274614381221
78.51985559566788 1072.6581644646285
78.71198568872988 1072.0505279929603
78.90070921985816 1071.4515083451442
79.08611599297014 1070.8609149240897
79.26829268292683 1070.2785629210996
79.44732297063904 1069.7042730914666
79.62328767123289 1069.1378715406995
79.79626485568761 1068.5791895207058
79.96632996632998 1068.0280632354788
80.13355592654423 1067.4843336555955
80.29801324503312 1066.9478463414612
80.45977011494254 1066.4184512740758
80.61889250814332 1065.8960026938416
80.77544426494346 1065.3803589462268
80.92948717948717 1064.871382334386
81.08108108108108 1064.3689389781048
81.23028391167193 1063.8728986790056
81.37715179968701 1063.3831347914224
81.5217391304348 1062.8995240988002
81.66409861325114 1062.4219466954764
81.80428134556576 1061.9502858730982
81.9423368740516 1061.4844280121747
82.07831325301204 1061.0242624777948
82.21225710014949 1060.5696815198462
82.34421364985162 1060.1205801769288
82.47422680412372 1059.6768561848512
82.60233918128655 1059.2384098880643
82.72859216255442 1058.8051441548396
82.85302593659944 1058.3769642960692
82.97567954220314 1057.9537779870338
83.09659090909092 1057.5354951921781
83.21579689703809 1057.1220280928128
83.33333333333333 1056.7132910177634
83.44923504867873 1056.3092003764336
83.5635359116022 1055.909674594509
83.67626886145405 1055.514634052156
83.7874659400545 1055.1240010242896
83.89715832205682 1054.7376996233356
84.00537634408603 1054.3556557439183
84.11214953271028 1053.9777970096338
84.21750663129974 1053.6040527216664
84.32147562582347 1053.2343538095733
84.42408376963351 1052.8686327832565
84.52535760728219 1052.5068236871039
84.62532299741602 1052.1488620559103
84.7240051347882 1051.7946848716895
84.82142857142858 1051.4442305224907
84.91761723700887 1051.0974387626584
85.0125944584383 1050.7542506741152
85.1063829787234 1050.414608629353
85.19900497512438 1050.0784562554281
85.29048207663783 1049.7457383992946
85.38083538083538 1049.4164010942245
85.47008547008548 1049.0903915274748
85.55825242718447 1048.7676580088146
85.6453558504222 1048.4481499403819
85.73141486810553 1048.1318177872163
85.81644815256257 1047.8186130489576
85.9004739336493 1047.5084882325268
85.98351001177856 1047.2013968253395
86.06557377049181 1046.897293269808
86.1466821885914 1046.5961329382935
86.22685185185185 1046.2978721092463
86.30609896432682 1046.0024679435082
86.38443935926773 1045.7098784620075
86.46188850967008 1045.4200625236786
86.53846153846155 1045.1329798044048
86.61417322834646 1044.8485907762688
86.68903803131992 1044.5668566875997
86.76307007786428 1044.2877395438404
86.83628318584071 1044.0112020885772
86.90869086908691 1043.7372077854297
86.98030634573306 1043.4657208003705
87.05114254624591 1043.1967059846784
87.12121212121212 1042.930128858302
87.19052744886976 1042.6659555935703
87.2591006423983 1042.4041529998044
87.32694355697551 1042.1446885079285
87.39406779661017 1041.887530155716
87.4604847207587 1041.6326465736279
87.52620545073376 1041.380006970653
87.59124087591242 1041.1295811209857
87.65560165975104 1040.8813393506625
87.71929824561404 1040.63525252506
87.782340862423 1040.3912920362473
87.84473953013278 1040.1494297910153
87.90650406504066 1039.9096381992126
87.96764408493428 1039.671890162183
88.02816901408451 1039.4361590617973
88.08808808808809 1039.2024187496077
88.14741035856574 1038.9706435363905
88.20614469772052 1038.7408081818535
88.26429980276134 1038.5128878848127
88.32188420019628 1038.2868582733909
88.37890625 1038.0626953957471
88.43537414965988 1037.840375710848
88.49129593810446 1037.6198760794637
88.54667949951877 1037.4011737556748
88.60153256704982 1037.1842463782377
88.65586272640611 1036.969071962419
88.70967741935483 1036.7556288919945
88.76298394711993 1036.5438959113908
88.81578947368422 1036.3338521181345
88.86810102899906 1036.1254769553216
88.91992551210429 1035.9187502044551
88.97126969416126 1035.7136519784876
89.02214022140222 1035.5101627147405
89.07254361799816 1035.3082631683355
89.12248628884826 1035.1079344059326
89.171974522293 1034.9091577985473
89.22101449275362 1034.7119150163326
89.26961226330027 1034.5161880219075
89.31777378815082 1034.3219590645663
573.0
0.0 982.6581200824921
4.03225806451613 1029.8741957436346
7.751937984496124 1062.803529735013
11.194029850746269 1088.2229815460505
14.388489208633096 1108.942309248422
17.36111111111111 1126.4175256096019
20.13422818791946 1141.5076609365178
22.727272727272727 1154.7650105038792
25.15723270440252 1166.5671460165674
27.439024390243905 1177.1843838110908
29.585798816568047 1186.8173448820517
31.60919540229885 1183.0408250040239
33.5195530726257 1179.4296161809734
35.32608695652174 1175.971831228702
37.03703703703704 1172.6567710617292
38.659793814432994 1169.4747740621528
40.20100502512563 1166.4170883718805
41.666666666666664 1163.4757630693218
43.0622009569378 1160.6435549958587
44.39252336448599 1157.913848622037
45.662100456621005 1155.2805868365385
46.875 1152.7382109291455
48.03493449781659 1150.2816083487483
49.14529914529914 1147.9060670657145
50.209205020920514 1145.6072355672404
51.229508196721305 1143.3810876768905
52.20883534136546 1141.223891520499
53.14960629921261 1139.1321820696044
54.054054054054056 1137.1027367816464
54.92424242424243 1135.1325539292975
55.762081784386616 1133.2188332732392
56.569343065693424 1131.3589587821298
57.34767025089605 1129.550483147059
58.098591549295776 1127.7911138724994
58.82352941176471 1126.0787007562487
59.523809523809526 1124.41122459682
60.200668896321076 1122.7867869868169
60.85526315789473 1121.203601070638
61.48867313915858 1119.659983159902
62.101910828025474 1118.1543451133348
62.695924764890286 1116.6851873995165
63.27160493827161 1115.2510927710102
63.829787234042556 1113.8507204866607
64.37125748502994 1112.4828010264525
64.89675516224189 1111.1461312497022
65.40697674418605 1109.8395699529465
65.90257879656161 1108.5620337892487
66.38418079096046 1107.3124935137162
66.85236768802228 1106.089970525361
67.3076923076923 1104.8935336774957
67.75067750677508 1103.7222963322802
68.18181818181817 1102.5754136375235
68.60158311345647 1101.4520800060154
69.01041666666666 1100.3515267798275
69.40874035989717 1099.2730200634298
69.79695431472082 1098.2158587115123
70.17543859649122 1097.1793724584245
70.54455445544554 1096.1629201776623
70.90464547677261 1095.1658882605443
71.25603864734299 1094.1876891046559
71.59904534606206 1093.2277597034954
71.93396226415094 1092.2855603288008
72.26107226107227 1091.3605732994063
72.58064516129032 1090.4523018283726
72.89293849658314 1089.5602689444718
73.1981981981982 1088.6840164807518
73.49665924276168 1087.8231041262416
73.7885462555066 1086.977108535773
74.07407407407408 1086.1456224936728
74.35344827586206 1085.32825412796
74.6268656716418 1084.524626170769
74.89451476793249 1083.7343752625145
75.15657620041753 1082.9571512960638
75.41322314049587 1082.1926167988363
75.66462167689161 1081.4404463497954
75.91093117408909 1080.700326029355
76.15230460921843 1079.9719528995524
76.3888888888889 1079.2550345132486
76.62082514734774 1078.5492884496443
76.84824902723734 1077.8544418750698
77.07129094412332 1077.1702311269894
77.29007633587786 1076.4964013202507
77.50472589792061 1075.8327059736848
77.71535580524346 1075.1789066560548
77.92207792207792 1074.534772650411
78.12500000000001 1073.900080635135
78.32422586520946 1073.274614381221
78.51985559566788 1072.6581644646285
78.71198568872988 1072.0505279929603
78.90070921985816 1071.4515083451442
79.08611599297014 1070.8609149240897
79.26829268292683 1070.2785629210996
79.44732297063904 1069.7042730914666
79.62328767123289 1069.1378715406995
79.79626485568761 1068.5791895207058
79.96632996632998 1068.0280632354788
80.13355592654423 1067.4843336555955
80.29801324503312 1066.9478463414612
80.45977011494254 1066.4184512740758
80.61889250814332 1065.8960026938416
80.77544426494346 1065.3803589462268
80.92948717948717 1064.871382334386
81.08108108108108 1064.3689389781048
81.23028391167193 1063.8728986790056
81.37715179968701 1063.3831347914224
81.5217391304348 1062.8995240988002
81.66409861325114 1062.4219466954764
81.80428134556576 1061.9502858730982
81.9423368740516 1061.4844280121747
82.07831325301204 1061.0242624777948
82.21225710014949 1060.5696815198462
82.34421364985162 1060.1205801769288
82.47422680412372 1059.6768561848512
82.60233918128655 1059.2384098880643
82.72859216255442 1058.8051441548396
82.85302593659944 1058.3769642960692
82.97567954220314 1057.9537779870338
83.09659090909092 1057.5354951921781
83.21579689703809 1057.1220280928128
83.33333333333333 1056.7132910177634
83.44923504867873 1056.3092003764336
83.5635359116022 1055.909674594509
83.67626886145405 1055.514634052156
83.7874659400545 1055.1240010242896
83.89715832205682 1054.7376996233356
84.00537634408603 1054.3556557439183
84.11214953271028 1053.9777970096338
84.21750663129974 1053.6040527216664
84.32147562582347 1053.2343538095733
84.42408376963351 1052.8686327832565
84.52535760728219 1052.5068236871039
84.62532299741602 1052.1488620559103
84.7240051347882 1051.7946848716895
84.82142857142858 1051.4442305224907
84.91761723700887 1051.0974387626584
85.0125944584383 1050.7542506741152
85.1063829787234 1050.414608629353
85.19900497512438 1050.0784562554281
85.29048207663783 1049.7457383992946
85.38083538083538 1049.4164010942245
85.47008547008548 1049.0903915274748
85.55825242718447 1048.7676580088146
85.6453558504222 1048.4481499403819
85.73141486810553 1048.1318177872163
85.81644815256257 1047.8186130489576
85.9004739336493 1047.5084882325268
85.98351001177856 1047.2013968253395
86.06557377049181 1046.897293269808
86.1466821885914 1046.5961329382935
86.22685185185185 1046.2978721092463
86.30609896432682 1046.0024679435082
86.38443935926773 1045.7098784620075
86.46188850967008 1045.4200625236786
86.53846153846155 1045.1329798044048
86.61417322834646 1044.8485907762688
86.68903803131992 1044.5668566875997
86.76307007786428 1044.2877395438404
86.83628318584071 1044.0112020885772
86.90869086908691 1043.7372077854297
86.98030634573306 1043.4657208003705
87.05114254624591 1043.1967059846784
87.12121212121212 1042.930128858302
87.19052744886976 1042.6659555935703
87.2591006423983 1042.4041529998044
87.32694355697551 1042.1446885079285
87.39406779661017 1041.887530155716
87.4604847207587 1041.6326465736279
87.52620545073376 1041.380006970653
87.59124087591242 1041.1295811209857
87.65560165975104 1040.8813393506625
87.71929824561404 1040.63525252506
87.782340862423 1040.3912920362473
87.84473953013278 1040.1494297910153
87.90650406504066 1039.9096381992126
87.96764408493428 1039.671890162183
88.02816901408451 1039.4361590617973
88.08808808808809 1039.2024187496077
88.14741035856574 1038.9706435363905
88.20614469772052 1038.7408081818535
88.26429980276134 1038.5128878848127
88.32188420019628 1038.2868582733909
88.37890625 1038.0626953957471
88.43537414965988 1037.840375710848
88.49129593810446 1037.6198760794637
88.54667949951877 1037.4011737556748
88.60153256704982 1037.1842463782377
88.65586272640611 1036.969071962419
88.70967741935483 1036.7556288919945
88.76298394711993 1036.5438959113908
88.81578947368422 1036.3338521181345
88.86810102899906 1036.1254769553216
88.91992551210429 1035.9187502044551
88.97126969416126 1035.7136519784876
89.02214022140222 1035.5101627147405
89.07254361799816 1035.3082631683355
89.12248628884826 1035.1079344059326
89.171974522293 1034.9091577985473
89.22101449275362 1034.7119150163326
89.26961226330027 1034.5161880219075
89.31777378815082 1034.3219590645663
673.0
0.0 982.6581200824921
4.03225806451613 1029.8741957436346
7.751937984496124 1062.803529735013
11.194029850746269 1088.2229815460505
14.388489208633096 1108.942309248422
17.36111111111111 1126.4175256096019
20.13422818791946 1141.5076609365178
22.727272727272727 1154.7650105038792
25.15723270440252 1166.5671460165674
27.439024390243905 1177.1843838110908
29.585798816568047 1186.8173448820517
31.60919540229885 1183.0408250040239
33.5195530726257 1179.4296161809734
35.32608695652174 1175.971831228702
37.03703703703704 1172.6567710617292
38.659793814432994 1169.4747740621528
40.20100502512563 1166.4170883718805
41.666666666666664 1163.4757630693218
43.0622009569378 1160.6435549958587
44.39252336448599 1157.913848622037
45.662100456621005 1155.2805868365385
46.875 1152.7382109291455
48.03493449781659 1150.2816083487483
49.14529914529914 1147.9060670657145
50.209205020920514 1145.6072355672404
51.229508196721305 1143.3810876768905
52.20883534136546 1141.223891520499
53.14960629921261 1139.1321820696044
54.054054054054056 1137.1027367816464
54.92424242424243 1135.1325539292975
55.762081784386616 1133.2188332732392
56.569343065693424 1131.3589587821298
57.34767025089605 1129.550483147059
58.098591549295776 1127.7911138724994
58.82352941176471 1126.0787007562487
59.523809523809526 1124.41122459682
60.200668896321076 1122.7867869868169
60.85526315789473 1121.203601070638
61.48867313915858 1119.659983159902
62.101910828025474 1118.1543451133348
62.695924764890286 1116.6851873995165
63.27160493827161 1115.2510927710102
63.829787234042556 1113.8507204866607
64.37125748502994 1112.4828010264525
64.89675516224189 1111.1461312497022
65.40697674418605 1109.8395699529465
65.90257879656161 1108.5620337892487
66.38418079096046 1107.3124935137162
66.85236768802228 1106.089970525361
67.3076923076923 1104.8935336774957
67.75067750677508 1103.7222963322802
68.18181818181817 1102.5754136375235
68.60158311345647 1101.4520800060154
69.01041666666666 1100.3515267798275
69.40874035989717 1099.2730200634298
69.79695431472082 1098.2158587115123
70.17543859649122 1097.1793724584245
70.54455445544554 1096.1629201776623
70.90464547677261 1095.1658882605443
71.25603864734299 1094.1876891046559
71.59904534606206 1093.2277597034954
71.93396226415094 1092.2855603288008
72.26107226107227 1091.3605732994063
72.58064516129032 1090.4523018283726
72.89293849658314 1089.5602689444718
73.1981981981982 1088.6840164807518
73.49665924276168 1087.8231041262416
73.7885462555066 1086.977108535773
74.07407407407408 1086.1456224936728
74.35344827586206 1085.32825412796
74.6268656716418 1084.524626170769
74.89451476793249 1083.7343752625145
75.15657620041753 1082.9571512960638
75.41322314049587 1082.1926167988363
75.66462167689161 1081.4404463497954
75.91093117408909 1080.700326029355
76.15230460921843 1079.9719528995524
76.3888888888889 1079.2550345132486
76.62082514734774 1078.5492884496443
76.84824902723734 1077.8544418750698
77.07129094412332 1077.1702311269894
77.29007633587786 1076.4964013202507
77.50472589792061 1075.8327059736848
77.71535580524346 1075.1789066560548
77.92207792207792 1074.534772650411
78.12500000000001 1073.900080635135
78.32422586520946 1073.274614381221
78.51985559566788 1072.6581644646285
78.71198568872988 1072.0505279929603
78.90070921985816 1071.4515083451442
79.08611599297014 1070.8609149240897
79.26829268292683 1070.2785629210996
79.44732297063904 1069.7042730914666
79.62328767123289 1069.1378715406995
79.79626485568761 1068.5791895207058
79.96632996632998 1068.0280632354788
80.13355592654423 1067.4843336555955
80.29801324503312 1066.9478463414612
80.45977011494254 1066.4184512740758
80.61889250814332 1065.8960026938416
80.77544426494346 1065.3803589462268
80.92948717948717 1064.871382334386
81.08108108108108 1064.3689389781048
81.23028391167193 1063.8728986790056
81.37715179968701 1063.3831347914224
81.5217391304348 1062.8995240988002
81.66409861325114 1062.4219466954764
81.80428134556576 1061.9502858730982
81.9423368740516 1061.4844280121747
82.07831325301204 1061.0242624777948
82.21225710014949 1060.5696815198462
82.34421364985162 1060.1205801769288
82.47422680412372 1059.6768561848512
82.60233918128655 1059.2384098880643
82.72859216255442 1058.8051441548396
82.85302593659944 1058.3769642960692
82.97567954220314 1057.9537779870338
83.09659090909092 1057.5354951921781
83.21579689703809 1057.1220280928128
83.33333333333333 1056.7132910177634
83.44923504867873 1056.3092003764336
83.5635359116022 1055.909674594509
83.67626886145405 1055.514634052156
83.7874659400545 1055.1240010242896
83.89715832205682 1054.7376996233356
84.00537634408603 1054.3556557439183
84.11214953271028 1053.9777970096338
84.21750663129974 1053.6040527216664
84.32147562582347 1053.2343538095733
84.42408376963351 1052.8686327832565
84.52535760728219 1052.5068236871039
84.62532299741602 1052.1488620559103
84.7240051347882 1051.7946848716895
84.82142857142858 1051.4442305224907
84.91761723700887 1051.0974387626584
85.0125944584383 1050.7542506741152
85.1063829787234 1050.414608629353
85.19900497512438 1050.0784562554281
85.29048207663783 1049.7457383992946
85.38083538083538 1049.4164010942245
85.47008547008548 1049.0903915274748
85.55825242718447 1048.7676580088146
85.6453558504222 1048.4481499403819
85.73141486810553 1048.1318177872163
85.81644815256257 1047.8186130489576
85.9004739336493 1047.5084882325268
85.98351001177856 1047.2013968253395
86.06557377049181 1046.897293269808
86.1466821885914 1046.5961329382935
86.22685185185185 1046.2978721092463
86.30609896432682 1046.0024679435082
86.38443935926773 1045.7098784620075
86.46188850967008 1045.4200625236786
86.53846153846155 1045.1329798044048
86.61417322834646 1044.8485907762688
86.68903803131992 1044.5668566875997
86.76307007786428 1044.2877395438404
86.83628318584071 1044.0112020885772
86.90869086908691 1043.7372077854297
86.98030634573306 1043.4657208003705
87.05114254624591 1043.1967059846784
87.12121212121212 1042.930128858302
87.19052744886976 1042.6659555935703
87.2591006423983 1042.4041529998044
87.32694355697551 1042.1446885079285
87.39406779661017 1041.887530155716
87.4604847207587 1041.6326465736279
87.52620545073376 1041.380006970653
87.59124087591242 1041.1295811209857
87.65560165975104 1040.8813393506625
87.71929824561404 1040.63525252506
87.782340862423 1040.3912920362473
87.84473953013278 1040.1494297910153
87.90650406504066 1039.9096381992126
87.96764408493428 1039.671890162183
88.02816901408451 1039.4361590617973
88.08808808808809 1039.2024187496077
88.14741035856574 1038.9706435363905
88.20614469772052 1038.7408081818535
88.26429980276134 1038.5128878848127
88.32188420019628 1038.2868582733909
88.37890625 1038.0626953957471
88.43537414965988 1037.840375710848
88.49129593810446 1037.6198760794637
88.54667949951877 1037.4011737556748
88.60153256704982 1037.1842463782377
88.65586272640611 1036.969071962419
88.70967741935483 1036.7556288919945
88.76298394711993 1036.5438959113908
88.81578947368422 1036.3338521181345
88.86810102899906 1036.1254769553216
88.91992551210429 1035.9187502044551
88.97126969416126 1035.7136519784876
89.02214022140222 1035.5101627147405
89.07254361799816 1035.3082631683355
89.12248628884826 1035.1079344059326
89.171974522293 1034.9091577985473
89.22101449275362 1034.7119150163326
89.26961226330027 1034.5161880219075
89.31777378815082 1034.3219590645663
773.0
0.0 982.6581200824921
4.03225806451613 1029.8741957436346
7.751937984496124 1062.803529735013
11.194029850746269 1088.2229815460505
14.388489208633096 1108.942309248422
17.36111111111111 1126.4175256096019
20.13422818791946 1141.5076609365178
22.727272727272727 1154.7650105038792
25.15723270440252 1166.5671460165674
27.439024390243905 1177.1843838110908
29.585798816568047 1186.8173448820517
31.60919540229885 1183.0408250040239
33.5195530726257 1179.4296161809734
35.32608695652174 1175.971831228702
37.03703703703704 1172.6567710617292
38.659793814432994 1169.4747740621528
40.20100502512563 1166.4170883718805
41.666666666666664 1163.4757630693218
43.0622009569378 1160.6435549958587
44.39252336448599 1157.913848622037
45.662100456621005 1155.2805868365385
46.875 1152.7382109291455
48.03493449781659 1150.2816083487483
49.14529914529914 1147.9060670657145
50.209205020920514 1145.6072355672404
51.229508196721305 1143.3810876768905
52.20883534136546 1141.223891520499
53.14960629921261 1139.1321820696044
54.054054054054056 1137.1027367816464
54.92424242424243 1135.1325539292975
55.762081784386616 1133.2188332732392
56.569343065693424 1131.3589587821298
57.34767025089605 1129.550483147059
58.098591549295776 1127.7911138724994
58.82352941176471 1126.0787007562487
59.523809523809526 1124.41122459682
60.200668896321076 1122.7867869868169
60.85526315789473 1121.203601070638
61.48867313915858 1119.659983159902
62.101910828025474 1118.1543451133348
62.695924764890286 1116.6851873995165
63.27160493827161 1115.2510927710102
63.829787234042556 1113.8507204866607
64.37125748502994 1112.4828010264525
64.89675516224189 1111.1461312497022
65.40697674418605 1109.8395699529465
65.90257879656161 1108.5620337892487
66.38418079096046 1107.3124935137162
66.85236768802228 1106.089970525361
67.3076923076923 1104.8935336774957
67.75067750677508 1103.7222963322802
68.18181818181817 1102.5754136375235
68.60158311345647 1101.4520800060154
69.01041666666666 1100.3515267798275
69.40874035989717 1099.2730200634298
69.79695431472082 1098.2158587115123
70.17543859649122 1097.1793724584245
70.54455445544554 1096.1629201776623
70.90464547677261 1095.1658882605443
71.25603864734299 1094.1876891046559
71.59904534606206 1093.2277597034954
71.93396226415094 1092.2855603288008
72.26107226107227 1091.3605732994063
72.58064516129032 1090.4523018283726
72.89293849658314 1089.5602689444718
73.1981981981982 1088.6840164807518
73.49665924276168 1087.8231041262416
73.7885462555066 1086.977108535773
74.07407407407408 1086.1456224936728
74.35344827586206 1085.32825412796
74.6268656716418 1084.524626170769
74.89451476793249 1083.7343752625145
75.15657620041753 1082.9571512960638
75.41322314049587 1082.1926167988363
75.66462167689161 1081.4404463497954
75.91093117408909 1080.700326029355
76.15230460921843 1079.9719528995524
76.3888888888889 1079.2550345132486
76.62082514734774 1078.5492884496443
76.84824902723734 1077.8544418750698
77.07129094412332 1077.1702311269894
77.29007633587786 1076.4964013202507
77.50472589792061 1075.8327059736848
77.71535580524346 1075.1789066560548
77.92207792207792 1074.534772650411
78.12500000000001 1073.900080635135
78.32422586520946 1073.274614381221
78.51985559566788 1072.6581644646285
78.71198568872988 1072.0505279929603
78.90070921985816 1071.4515083451442
79.08611599297014 1070.8609149240897
79.26829268292683 1070.2785629210996
79.44732297063904 1069.7042730914666
79.62328767123289 1069.1378715406995
79.79626485568761 1068.5791895207058
79.96632996632998 1068.0280632354788
80.13355592654423 1067.4843336555955
80.29801324503312 1066.9478463414612
80.45977011494254 1066.4184512740758
80.61889250814332 1065.8960026938416
80.77544426494346 1065.3803589462268
80.92948717948717 1064.871382334386
81.08108108108108 1064.3689389781048
81.23028391167193 1063.8728986790056
81.37715179968701 1063.3831347914224
81.5217391304348 1062.8995240988002
81.66409861325114 1062.4219466954764
81.80428134556576 1061.9502858730982
81.9423368740516 1061.4844280121747
82.07831325301204 1061.0242624777948
82.21225710014949 1060.5696815198462
82.34421364985162 1060.1205801769288
82.47422680412372 1059.6768561848512
82.60233918128655 1059.2384098880643
82.72859216255442 1058.8051441548396
82.85302593659944 1058.3769642960692
82.97567954220314 1057.9537779870338
83.09659090909092 1057.5354951921781
83.21579689703809 1057.1220280928128
83.33333333333333 1056.7132910177634
83.44923504867873 1056.3092003764336
83.5635359116022 1055.909674594509
83.67626886145405 1055.514634052156
83.7874659400545 1055.1240010242896
83.89715832205682 1054.7376996233356
84.00537634408603 1054.3556557439183
84.11214953271028 1053.9777970096338
84.21750663129974 1053.6040527216664
84.32147562582347 1053.2343538095733
84.42408376963351 1052.8686327832565
84.52535760728219 1052.5068236871039
84.62532299741602 1052.1488620559103
84.7240051347882 1051.7946848716895
84.82142857142858 1051.4442305224907
84.91761723700887 1051.0974387626584
85.0125944584383 1050.7542506741152
85.1063829787234 1050.414608629353
85.19900497512438 1050.0784562554281
85.29048207663783 1049.7457383992946
85.38083538083538 1049.4164010942245
85.47008547008548 1049.0903915274748
85.55825242718447 1048.7676580088146
85.6453558504222 1048.4481499403819
85.73141486810553 1048.1318177872163
85.81644815256257 1047.8186130489576
85.9004739336493 1047.5084882325268
85.98351001177856 1047.2013968253395
86.06557377049181 1046.897293269808
86.1466821885914 1046.5961329382935
86.22685185185185 1046.2978721092463
86.30609896432682 1046.0024679435082
86.38443935926773 1045.7098784620075
86.46188850967008 1045.4200625236786
86.53846153846155 1045.1329798044048
86.61417322834646 1044.8485907762688
86.68903803131992 1044.5668566875997
86.76307007786428 1044.2877395438404
86.83628318584071 1044.0112020885772
86.90869086908691 1043.7372077854297
86.98030634573306 1043.4657208003705
87.05114254624591 1043.1967059846784
87.12121212121212 1042.930128858302
87.19052744886976 1042.6659555935703
87.2591006423983 1042.4041529998044
87.32694355697551 1042.1446885079285
87.39406779661017 1041.887530155716
87.4604847207587 1041.6326465736279
87.52620545073376 1041.380006970653
87.59124087591242 1041.1295811209857
87.65560165975104 1040.8813393506625
87.71929824561404 1040.63525252506
87.782340862423 1040.3912920362473
87.84473953013278 1040.1494297910153
87.90650406504066 1039.9096381992126
87.96764408493428 1039.671890162183
88.02816901408451 1039.4361590617973
88.08808808808809 1039.2024187496077
88.14741035856574 1038.9706435363905
88.20614469772052 1038.7408081818535
88.26429980276134 1038.5128878848127
88.32188420019628 1038.2868582733909
88.37890625 1038.0626953957471
88.43537414965988 1037.840375710848
88.49129593810446 1037.6198760794637
88.54667949951877 1037.4011737556748
88.60153256704982 1037.1842463782377
88.65586272640611 1036.969071962419
88.70967741935483 1036.7556288919945
88.76298394711993 1036.5438959113908
88.81578947368422 1036.3338521181345
88.86810102899906 1036.1254769553216
88.91992551210429 1035.9187502044551
88.97126969416126 1035.7136519784876
89.02214022140222 1035.5101627147405
89.07254361799816 1035.3082631683355
89.12248628884826 1035.1079344059326
89.171974522293 1034.9091577985473
89.22101449275362 1034.7119150163326
89.26961226330027 1034.5161880219075
89.31777378815082 1034.3219590645663
813.0
0.0 982.6581200824921
4.03225806451613 1029.8741957436346
7.751937984496124 1062.803529735013
11.194029850746269 1088.2229815460505
14.388489208633096 1108.942309248422
17.36111111111111 1126.4175256096019
20.13422818791946 1141.5076609365178
22.727272727272727 1154.7650105038792
25.15723270440252 1166.5671460165674
27.439024390243905 1177.1843838110908
29.585798816568047 1186.8173448820517
31.60919540229885 1183.0408250040239
33.5195530726257 1179.4296161809734
35.32608695652174 1175.971831228702
37.03703703703704 1172.6567710617292
38.659793814432994 1169.4747740621528
40.20100502512563 1166.4170883718805
41.666666666666664 1163.4757630693218
43.0622009569378 1160.6435549958587
44.39252336448599 1157.913848622037
45.662100456621005 1155.2805868365385
46.875 1152.7382109291455
48.03493449781659 1150.2816083487483
49.14529914529914 1147.9060670657145
50.209205020920514 1145.6072355672404
51.229508196721305 1143.3810876768905
52.20883534136546 1141.223891520499
53.14960629921261 1139.1321820696044
54.054054054054056 1137.1027367816464
54.92424242424243 1135.1325539292975
55.762081784386616 1133.2188332732392
56.569343065693424 1131.3589587821298
57.34767025089605 1129.550483147059
58.098591549295776 1127.7911138724994
58.82352941176471 1126.0787007562487
59.523809523809526 1124.41122459682
60.200668896321076 1122.7867869868169
60.85526315789473 1121.203601070638
61.48867313915858 1119.659983159902
62.101910828025474 1118.1543451133348
62.695924764890286 1116.6851873995165
63.27160493827161 1115.2510927710102
63.829787234042556 1113.8507204866607
64.37125748502994 1112.4828010264525
64.89675516224189 1111.1461312497022
65.40697674418605 1109.8395699529465
65.90257879656161 1108.5620337892487
66.38418079096046 1107.3124935137162
66.85236768802228 1106.089970525361
67.3076923076923 1104.8935336774957
67.75067750677508 1103.7222963322802
68.18181818181817 1102.5754136375235
68.60158311345647 1101.4520800060154
69.01041666666666 1100.3515267798275
69.40874035989717 1099.2730200634298
69.79695431472082 1098.2158587115123
70.17543859649122 1097.1793724584245
70.54455445544554 1096.1629201776623
70.90464547677261 1095.1658882605443
71.25603864734299 1094.1876891046559
71.59904534606206 1093.2277597034954
71.93396226415094 1092.2855603288008
72.26107226107227 1091.3605732994063
72.58064516129032 1090.4523018283726
72.89293849658314 1089.5602689444718
73.1981981981982 1088.6840164807518
73.49665924276168 1087.8231041262416
73.7885462555066 1086.977108535773
74.07407407407408 1086.1456224936728
74.35344827586206 1085.32825412796
74.6268656716418 1084.524626170769
74.89451476793249 1083.7343752625145
75.15657620041753 1082.9571512960638
75.41322314049587 1082.1926167988363
75.66462167689161 1081.4404463497954
75.91093117408909 1080.700326029355
76.15230460921843 1079.9719528995524
76.3888888888889 1079.2550345132486
76.62082514734774 1078.5492884496443
76.84824902723734 1077.8544418750698
77.07129094412332 1077.1702311269894
77.29007633587786 1076.4964013202507
77.50472589792061 1075.8327059736848
77.71535580524346 1075.1789066560548
77.92207792207792 1074.534772650411
78.12500000000001 1073.900080635135
78.32422586520946 1073.274614381221
78.51985559566788 1072.6581644646285
78.71198568872988 1072.0505279929603
78.90070921985816 1071.4515083451442
79.08611599297014 1070.8609149240897
79.26829268292683 1070.2785629210996
79.44732297063904 1069.7042730914666
79.62328767123289 1069.1378715406995
79.79626485568761 1068.5791895207058
79.96632996632998 1068.0280632354788
80.13355592654423 1067.4843336555955
80.29801324503312 1066.9478463414612
80.45977011494254 1066.4184512740758
80.61889250814332 1065.8960026938416
80.77544426494346 1065.3803589462268
80.92948717948717 1064.871382334386
81.08108108108108 1064.3689389781048
81.23028391167193 1063.8728986790056
81.37715179968701 1063.3831347914224
81.5217391304348 1062.8995240988002
81.66409861325114 1062.4219466954764
81.80428134556576 1061.9502858730982
81.9423368740516 1061.4844280121747
82.07831325301204 1061.0242624777948
82.21225710014949 1060.5696815198462
82.34421364985162 1060.1205801769288
82.47422680412372 1059.6768561848512
82.60233918128655 1059.2384098880643
82.72859216255442 1058.8051441548396
82.85302593659944 1058.3769642960692
82.97567954220314 1057.9537779870338
83.09659090909092 1057.5354951921781
83.21579689703809 1057.1220280928128
83.33333333333333 1056.7132910177634
83.44923504867873 1056.3092003764336
83.5635359116022 1055.909674594509
83.67626886145405 1055.514634052156
83.7874659400545 1055.1240010242896
83.89715832205682 1054.7376996233356
84.00537634408603 1054.3556557439183
84.11214953271028 1053.9777970096338
84.21750663129974 1053.6040527216664
84.32147562582347 1053.2343538095733
84.42408376963351 1052.8686327832565
84.52535760728219 1052.5068236871039
84.62532299741602 1052.1488620559103
84.7240051347882 1051.7946848716895
84.82142857142858 1051.4442305224907
84.91761723700887 1051.0974387626584
85.0125944584383 1050.7542506741152
85.1063829787234 1050.414608629353
85.19900497512438 1050.0784562554281
85.29048207663783 1049.7457383992946
85.38083538083538 1049.4164010942245
85.47008547008548 1049.0903915274748
85.55825242718447 1048.7676580088146
85.6453558504222 1048.4481499403819
85.73141486810553 1048.1318177872163
85.81644815256257 1047.8186130489576
85.9004739336493 1047.5084882325268
85.98351001177856 1047.2013968253395
86.06557377049181 1046.897293269808
86.1466821885914 1046.5961329382935
86.22685185185185 1046.2978721092463
86.30609896432682 1046.0024679435082
86.38443935926773 1045.7098784620075
86.46188850967008 1045.4200625236786
86.53846153846155 1045.1329798044048
86.61417322834646 1044.8485907762688
86.68903803131992 1044.5668566875997
86.76307007786428 1044.2877395438404
86.83628318584071 1044.0112020885772
86.90869086908691 1043.7372077854297
86.98030634573306 1043.4657208003705
87.05114254624591 1043.1967059846784
87.12121212121212 1042.930128858302
87.19052744886976 1042.6659555935703
87.2591006423983 1042.4041529998044
87.32694355697551 1042.1446885079285
87.39406779661017 1041.887530155716
87.4604847207587 1041.6326465736279
87.52620545073376 1041.380006970653
87.59124087591242 1041.1295811209857
87.65560165975104 1040.8813393506625
87.71929824561404 1040.63525252506
87.782340862423 1040.3912920362473
87.84473953013278 1040.1494297910153
87.90650406504066 1039.9096381992126
87.96764408493428 1039.671890162183
88.02816901408451 1039.4361590617973
88.08808808808809 1039.2024187496077
88.14741035856574 1038.9706435363905
88.20614469772052 1038.7408081818535
88.26429980276134 1038.5128878848127
88.32188420019628 1038.2868582733909
88.37890625 1038.0626953957471
88.43537414965988 1037.840375710848
88.49129593810446 1037.6198760794637
88.54667949951877 1037.4011737556748
88.60153256704982 1037.1842463782377
88.65586272640611 1036.969071962419
88.70967741935483 1036.7556288919945
88.76298394711993 1036.5438959113908
88.81578947368422 1036.3338521181345
88.86810102899906 1036.1254769553216
88.91992551210429 1035.9187502044551
88.97126969416126 1035.7136519784876
89.02214022140222 1035.5101627147405
89.07254361799816 1035.3082631683355
89.12248628884826 1035.1079344059326
89.171974522293 1034.9091577985473
89.22101449275362 1034.7119150163326
89.26961226330027 1034.5161880219075
89.31777378815082 1034.3219590645663
863.0
0.0 982.6581200824921
4.03225806451613 1029.8741957436346
7.751937984496124 1062.803529735013
11.194029850746269 1088.2229815460505
14.388489208633096 1108.942309248422
17.36111111111111 1126.4175256096019
20.13422818791946 1141.5076609365178
22.727272727272727 1154.7650105038792
25.15723270440252 1166.5671460165674
27.439024390243905 1177.1843838110908
29.585798816568047 1186.8173448820517
31.60919540229885 1183.0408250040239
33.5195530726257 1179.4296161809734
35.32608695652174 1175.971831228702
37.03703703703704 1172.6567710617292
38.659793814432994 1169.4747740621528
40.20100502512563 1166.4170883718805
41.666666666666664 1163.4757630693218
43.0622009569378 1160.6435549958587
44.39252336448599 1157.913848622037
45.662100456621005 1155.2805868365385
46.875 1152.7382109291455
48.03493449781659 1150.2816083487483
49.14529914529914 1147.9060670657145
50.209205020920514 1145.6072355672404
51.229508196721305 1143.3810876768905
52.20883534136546 1141.223891520499
53.14960629921261 1139.1321820696044
54.054054054054056 1137.1027367816464
54.92424242424243 1135.1325539292975
55.762081784386616 1133.2188332732392
56.569343065693424 1131.3589587821298
57.34767025089605 1129.550483147059
58.098591549295776 1127.7911138724994
58.82352941176471 1126.0787007562487
59.523809523809526 1124.41122459682
60.200668896321076 1122.7867869868169
60.85526315789473 1121.203601070638
61.48867313915858 1119.659983159902
62.101910828025474 1118.1543451133348
62.695924764890286 1116.6851873995165
63.27160493827161 1115.2510927710102
63.829787234042556 1113.8507204866607
64.37125748502994 1112.4828010264525
64.89675516224189 1111.1461312497022
65.40697674418605 1109.8395699529465
65.90257879656161 1108.5620337892487
66.38418079096046 1107.3124935137162
66.85236768802228 1106.089970525361
67.3076923076923 1104.8935336774957
67.75067750677508 1103.7222963322802
68.18181818181817 1102.5754136375235
68.60158311345647 1101.4520800060154
69.01041666666666 1100.3515267798275
69.40874035989717 1099.2730200634298
69.79695431472082 1098.2158587115123
70.17543859649122 1097.1793724584245
70.54455445544554 1096.1629201776623
70.90464547677261 1095.1658882605443
71.25603864734299 1094.1876891046559
71.59904534606206 1093.2277597034954
71.93396226415094 1092.2855603288008
72.26107226107227 1091.3605732994063
72.58064516129032 1090.4523018283726
72.89293849658314 1089.5602689444718
73.1981981981982 1088.6840164807518
73.49665924276168 1087.8231041262416
73.7885462555066 1086.977108535773
74.07407407407408 1086.1456224936728
74.35344827586206 1085.32825412796
74.6268656716418 1084.524626170769
74.89451476793249 1083.7343752625145
75.15657620041753 1082.9571512960638
75.41322314049587 1082.1926167988363
75.66462167689161 1081.4404463497954
75.91093117408909 1080.700326029355
76.15230460921843 1079.9719528995524
76.3888888888889 1079.2550345132486
76.62082514734774 1078.5492884496443
76.84824902723734 1077.8544418750698
77.07129094412332 1077.1702311269894
77.29007633587786 1076.4964013202507
77.50472589792061 1075.8327059736848
77.71535580524346 1075.1789066560548
77.92207792207792 1074.534772650411
78.12500000000001 1073.900080635135
78.32422586520946 1073.274614381221
78.51985559566788 1072.6581644646285
78.71198568872988 1072.0505279929603
78.90070921985816 1071.4515083451442
79.08611599297014 1070.8609149240897
79.26829268292683 1070.2785629210996
79.44732297063904 1069.7042730914666
79.62328767123289 1069.1378715406995
79.79626485568761 1068.5791895207058
79.96632996632998 1068.0280632354788
80.13355592654423 1067.4843336555955
80.29801324503312 1066.9478463414612
80.45977011494254 1066.4184512740758
80.61889250814332 1065.8960026938416
80.77544426494346 1065.3803589462268
80.92948717948717 1064.871382334386
81.08108108108108 1064.3689389781048
81.23028391167193 1063.8728986790056
81.37715179968701 1063.3831347914224
81.5217391304348 1062.8995240988002
81.66409861325114 1062.4219466954764
81.80428134556576 1061.9502858730982
81.9423368740516 1061.4844280121747
82.07831325301204 1061.0242624777948
82.21225710014949 1060.5696815198462
82.34421364985162 1060.1205801769288
82.47422680412372 1059.6768561848512
82.60233918128655 1059.2384098880643
82.72859216255442 1058.8051441548396
82.85302593659944 1058.3769642960692
82.97567954220314 1057.9537779870338
83.09659090909092 1057.5354951921781
83.21579689703809 1057.1220280928128
83.33333333333333 1056.7132910177634
83.44923504867873 1056.3092003764336
83.5635359116022 1055.909674594509
83.67626886145405 1055.514634052156
83.7874659400545 1055.1240010242896
83.89715832205682 1054.7376996233356
84.00537634408603 1054.3556557439183
84.11214953271028 1053.9777970096338
84.21750663129974 1053.6040527216664
84.32147562582347 1053.2343538095733
84.42408376963351 1052.8686327832565
84.52535760728219 1052.5068236871039
84.62532299741602 1052.1488620559103
84.7240051347882 1051.7946848716895
84.82142857142858 1051.4442305224907
84.91761723700887 1051.0974387626584
85.0125944584383 1050.7542506741152
85.1063829787234 1050.414608629353
85.19900497512438 1050.0784562554281
85.29048207663783 1049.7457383992946
85.38083538083538 1049.4164010942245
85.47008547008548 1049.0903915274748
85.55825242718447 1048.7676580088146
85.6453558504222 1048.4481499403819
85.73141486810553 1048.1318177872163
85.81644815256257 1047.8186130489576
85.9004739336493 1047.5084882325268
85.98351001177856 1047.2013968253395
86.06557377049181 1046.897293269808
86.1466821885914 1046.5961329382935
86.22685185185185 1046.2978721092463
86.30609896432682 1046.0024679435082
86.38443935926773 1045.7098784620075
86.46188850967008 1045.4200625236786
86.53846153846155 1045.1329798044048
86.61417322834646 1044.8485907762688
86.68903803131992 1044.5668566875997
86.76307007786428 1044.2877395438404
86.83628318584071 1044.0112020885772
86.90869086908691 1043.7372077854297
86.98030634573306 1043.4657208003705
87.05114254624591 1043.1967059846784
87.12121212121212 1042.930128858302
87.19052744886976 1042.6659555935703
87.2591006423983 1042.4041529998044
87.32694355697551 1042.1446885079285
87.39406779661017 1041.887530155716
87.4604847207587 1041.6326465736279
87.52620545073376 1041.380006970653
87.59124087591242 1041.1295811209857
87.65560165975104 1040.8813393506625
87.71929824561404 1040.63525252506
87.782340862423 1040.3912920362473
87.84473953013278 1040.1494297910153
87.90650406504066 1039.9096381992126
87.96764408493428 1039.671890162183
88.02816901408451 1039.4361590617973
88.08808808808809 1039.2024187496077
88.14741035856574 1038.9706435363905
88.20614469772052 1038.7408081818535
88.26429980276134 1038.5128878848127
88.32188420019628 1038.2868582733909
88.37890625 1038.0626953957471
88.43537414965988 1037.840375710848
88.49129593810446 1037.6198760794637
88.54667949951877 1037.4011737556748
88.60153256704982 1037.1842463782377
88.65586272640611 1036.969071962419
88.70967741935483 1036.7556288919945
88.76298394711993 1036.5438959113908
88.81578947368422 1036.3338521181345
88.86810102899906 1036.1254769553216
88.91992551210429 1035.9187502044551
88.97126969416126 1035.7136519784876
89.02214022140222 1035.5101627147405
89.07254361799816 1035.3082631683355
89.12248628884826 1035.1079344059326
89.171974522293 1034.9091577985473
89.22101449275362 1034.7119150163326
89.26961226330027 1034.5161880219075
89.31777378815082 1034.3219590645663
873.0
0.0 982.6581200824921
4.03225806451613 1029.8741957436346
7.751937984496124 1062.803529735013
11.194029850746269 1088.2229815460505
14.388489208633096 1108.942309248422
17.36111111111111 1126.4175256096019
20.13422818791946 1141.5076609365178
22.727272727272727 1154.7650105038792
25.15723270440252 1166.5671460165674
27.439024390243905 1177.1843838110908
29.585798816568047 1186.8173448820517
31.60919540229885 1183.0408250040239
33.5195530726257 1179.4296161809734
35.32608695652174 1175.971831228702
37.03703703703704 1172.6567710617292
38.659793814432994 1169.4747740621528
40.20100502512563 1166.4170883718805
41.666666666666664 1163.4757630693218
43.0622009569378 1160.6435549958587
44.39252336448599 1157.913848622037
45.662100456621005 1155.2805868365385
46.875 1152.7382109291455
48.03493449781659 1150.2816083487483
49.14529914529914 1147.9060670657145
50.209205020920514 1145.6072355672404
51.229508196721305 1143.3810876768905
52.20883534136546 1141.223891520499
53.14960629921261 1139.1321820696044
54.054054054054056 1137.1027367816464
54.92424242424243 1135.1325539292975
55.762081784386616 1133.2188332732392
56.569343065693424 1131.3589587821298
57.34767025089605 1129.550483147059
58.098591549295776 1127.7911138724994
58.82352941176471 1126.0787007562487
59.523809523809526 1124.41122459682
60.200668896321076 1122.7867869868169
60.85526315789473 1121.203601070638
61.48867313915858 1119.659983159902
62.101910828025474 1118.1543451133348
62.695924764890286 1116.6851873995165
63.27160493827161 1115.2510927710102
63.829787234042556 1113.8507204866607
64.37125748502994 1112.4828010264525
64.89675516224189 1111.1461312497022
65.40697674418605 1109.8395699529465
65.90257879656161 1108.5620337892487
66.38418079096046 1107.3124935137162
66.85236768802228 1106.089970525361
67.3076923076923 1104.8935336774957
67.75067750677508 1103.7222963322802
68.18181818181817 1102.5754136375235
68.60158311345647 1101.4520800060154
69.01041666666666 1100.3515267798275
69.40874035989717 1099.2730200634298
69.79695431472082 1098.2158587115123
70.17543859649122 1097.1793724584245
70.54455445544554 1096.1629201776623
70.90464547677261 1095.1658882605443
71.25603864734299 1094.1876891046559
71.59904534606206 1093.2277597034954
71.93396226415094 1092.2855603288008
72.26107226107227 1091.3605732994063
72.58064516129032 1090.4523018283726
72.89293849658314 1089.5602689444718
73.1981981981982 1088.6840164807518
73.49665924276168 1087.8231041262416
73.7885462555066 1086.977108535773
74.07407407407408 1086.1456224936728
74.35344827586206 1085.32825412796
74.6268656716418 1084.524626170769
74.89451476793249 1083.7343752625145
75.15657620041753 1082.9571512960638
75.41322314049587 1082.1926167988363
75.66462167689161 1081.4404463497954
75.91093117408909 1080.700326029355
76.15230460921843 1079.9719528995524
76.3888888888889 1079.2550345132486
76.62082514734774 1078.5492884496443
76.84824902723734 1077.8544418750698
77.07129094412332 1077.1702311269894
77.29007633587786 1076.4964013202507
77.50472589792061 1075.8327059736848
77.71535580524346 1075.1789066560548
77.92207792207792 1074.534772650411
78.12500000000001 1073.900080635135
78.32422586520946 1073.274614381221
78.51985559566788 1072.6581644646285
78.71198568872988 1072.0505279929603
78.90070921985816 1071.4515083451442
79.08611599297014 1070.8609149240897
79.26829268292683 1070.2785629210996
79.44732297063904 1069.7042730914666
79.62328767123289 1069.1378715406995
79.79626485568761 1068.5791895207058
79.96632996632998 1068.0280632354788
80.13355592654423 1067.4843336555955
80.29801324503312 1066.9478463414612
80.45977011494254 1066.4184512740758
80.61889250814332 1065.8960026938416
80.77544426494346 1065.3803589462268
80.92948717948717 1064.871382334386
81.08108108108108 1064.3689389781048
81.23028391167193 1063.8728986790056
81.37715179968701 1063.3831347914224
81.5217391304348 1062.8995240988002
81.66409861325114 1062.4219466954764
81.80428134556576 1061.9502858730982
81.9423368740516 1061.4844280121747
82.07831325301204 1061.0242624777948
82.21225710014949 1060.5696815198462
82.34421364985162 1060.1205801769288
82.47422680412372 1059.6768561848512
82.60233918128655 1059.2384098880643
82.72859216255442 1058.8051441548396
82.85302593659944 1058.3769642960692
82.97567954220314 1057.9537779870338
83.09659090909092 1057.5354951921781
83.21579689703809 1057.1220280928128
83.33333333333333 1056.7132910177634
83.44923504867873 1056.3092003764336
83.5635359116022 1055.909674594509
83.67626886145405 1055.514634052156
83.7874659400545 1055.1240010242896
83.89715832205682 1054.7376996233356
84.00537634408603 1054.3556557439183
84.11214953271028 1053.9777970096338
84.21750663129974 1053.6040527216664
84.32147562582347 1053.2343538095733
84.42408376963351 1052.8686327832565
84.52535760728219 1052.5068236871039
84.62532299741602 1052.1488620559103
84.7240051347882 1051.7946848716895
84.82142857142858 1051.4442305224907
84.91761723700887 1051.0974387626584
85.0125944584383 1050.7542506741152
85.1063829787234 1050.414608629353
85.19900497512438 1050.0784562554281
85.29048207663783 1049.7457383992946
85.38083538083538 1049.4164010942245
85.47008547008548 1049.0903915274748
85.55825242718447 1048.7676580088146
85.6453558504222 1048.4481499403819
85.73141486810553 1048.1318177872163
85.81644815256257 1047.8186130489576
85.9004739336493 1047.5084882325268
85.98351001177856 1047.2013968253395
86.06557377049181 1046.897293269808
86.1466821885914 1046.5961329382935
86.22685185185185 1046.2978721092463
86.30609896432682 1046.0024679435082
86.38443935926773 1045.7098784620075
86.46188850967008 1045.4200625236786
86.53846153846155 1045.1329798044048
86.61417322834646 1044.8485907762688
86.68903803131992 1044.5668566875997
86.76307007786428 1044.2877395438404
86.83628318584071 1044.0112020885772
86.90869086908691 1043.7372077854297
86.98030634573306 1043.4657208003705
87.05114254624591 1043.1967059846784
87.12121212121212 1042.930128858302
87.19052744886976 1042.6659555935703
87.2591006423983 1042.4041529998044
87.32694355697551 1042.1446885079285
87.39406779661017 1041.887530155716
87.4604847207587 1041.6326465736279
87.52620545073376 1041.380006970653
87.59124087591242 1041.1295811209857
87.65560165975104 1040.8813393506625
87.71929824561404 1040.63525252506
87.782340862423 1040.3912920362473
87.84473953013278 1040.1494297910153
87.90650406504066 1039.9096381992126
87.96764408493428 1039.671890162183
88.02816901408451 1039.4361590617973
88.08808808808809 1039.2024187496077
88.14741035856574 1038.9706435363905
88.20614469772052 1038.7408081818535
88.26429980276134 1038.5128878848127
88.32188420019628 1038.2868582733909
88.37890625 1038.0626953957471
88.43537414965988 1037.840375710848
88.49129593810446 1037.6198760794637
88.54667949951877 1037.4011737556748
88.60153256704982 1037.1842463782377
88.65586272640611 1036.969071962419
88.70967741935483 1036.7556288919945
88.76298394711993 1036.5438959113908
88.81578947368422 1036.3338521181345
88.86810102899906 1036.1254769553216
88.91992551210429 1035.9187502044551
88.97126969416126 1035.7136519784876
89.02214022140222 1035.5101627147405
89.07254361799816 1035.3082631683355
89.12248628884826 1035.1079344059326
89.171974522293 1034.9091577985473
89.22101449275362 1034.7119150163326
89.26961226330027 1034.5161880219075
89.31777378815082 1034.3219590645663
973.0
0.0 982.6581200824921
4.03225806451613 1029.8741957436346
7.751937984496124 1062.803529735013
11.194029850746269 1088.2229815460505
14.388489208633096 1108.942309248422
17.36111111111111 1126.4175256096019
20.13422818791946 1141.5076609365178
22.727272727272727 1154.7650105038792
25.15723270440252 1166.5671460165674
27.439024390243905 1177.1843838110908
29.585798816568047 1186.8173448820517
31.60919540229885 1183.0408250040239
33.5195530726257 1179.4296161809734
35.32608695652174 1175.971831228702
37.03703703703704 1172.6567710617292
38.659793814432994 1169.4747740621528
40.20100502512563 1166.4170883718805
41.666666666666664 1163.4757630693218
43.0622009569378 1160.6435549958587
44.39252336448599 1157.913848622037
45.662100456621005 1155.2805868365385
46.875 1152.7382109291455
48.03493449781659 1150.2816083487483
49.14529914529914 1147.9060670657145
50.209205020920514 1145.6072355672404
51.229508196721305 1143.3810876768905
52.20883534136546 1141.223891520499
53.14960629921261 1139.1321820696044
54.054054054054056 1137.1027367816464
54.92424242424243 1135.1325539292975
55.762081784386616 1133.2188332732392
56.569343065693424 1131.3589587821298
57.34767025089605 1129.550483147059
58.098591549295776 1127.7911138724994
58.82352941176471 1126.0787007562487
59.523809523809526 1124.41122459682
60.200668896321076 1122.7867869868169
60.85526315789473 1121.203601070638
61.48867313915858 1119.659983159902
62.101910828025474 1118.1543451133348
62.695924764890286 1116.6851873995165
63.27160493827161 1115.2510927710102
63.829787234042556 1113.8507204866607
64.37125748502994 1112.4828010264525
64.89675516224189 1111.1461312497022
65.40697674418605 1109.8395699529465
65.90257879656161 1108.5620337892487
66.38418079096046 1107.3124935137162
66.85236768802228 1106.089970525361
67.3076923076923 1104.8935336774957
67.75067750677508 1103.7222963322802
68.18181818181817 1102.5754136375235
68.60158311345647 1101.4520800060154
69.01041666666666 1100.3515267798275
69.40874035989717 1099.2730200634298
69.79695431472082 1098.2158587115123
70.17543859649122 1097.1793724584245
70.54455445544554 1096.1629201776623
70.90464547677261 1095.1658882605443
71.25603864734299 1094.1876891046559
71.59904534606206 1093.2277597034954
71.93396226415094 1092.2855603288008
72.26107226107227 1091.3605732994063
72.58064516129032 1090.4523018283726
72.89293849658314 1089.5602689444718
73.1981981981982 1088.6840164807518
73.49665924276168 1087.8231041262416
73.7885462555066 1086.977108535773
74.07407407407408 1086.1456224936728
74.35344827586206 1085.32825412796
74.6268656716418 1084.524626170769
74.89451476793249 1083.7343752625145
75.15657620041753 1082.9571512960638
75.41322314049587 1082.1926167988363
75.66462167689161 1081.4404463497954
75.91093117408909 1080.700326029355
76.15230460921843 1079.9719528995524
76.3888888888889 1079.2550345132486
76.62082514734774 1078.5492884496443
76.84824902723734 1077.8544418750698
77.07129094412332 1077.1702311269894
77.29007633587786 1076.4964013202507
77.50472589792061 1075.8327059736848
77.71535580524346 1075.1789066560548
77.92207792207792 1074.534772650411
78.12500000000001 1073.900080635135
78.32422586520946 1073.274614381221
78.51985559566788 1072.6581644646285
78.71198568872988 1072.0505279929603
78.90070921985816 1071.4515083451442
79.08611599297014 1070.8609149240897
79.26829268292683 1070.2785629210996
79.44732297063904 1069.7042730914666
79.62328767123289 1069.1378715406995
79.79626485568761 1068.5791895207058
79.96632996632998 1068.0280632354788
80.13355592654423 1067.4843336555955
80.29801324503312 1066.9478463414612
80.45977011494254 1066.4184512740758
80.61889250814332 1065.8960026938416
80.77544426494346 1065.3803589462268
80.92948717948717 1064.871382334386
81.08108108108108 1064.3689389781048
81.23028391167193 1063.8728986790056
81.37715179968701 1063.3831347914224
81.5217391304348 1062.8995240988002
81.66409861325114 1062.4219466954764
81.80428134556576 1061.9502858730982
81.9423368740516 1061.4844280121747
82.07831325301204 1061.0242624777948
82.21225710014949 1060.5696815198462
82.34421364985162 1060.1205801769288
82.47422680412372 1059.6768561848512
82.60233918128655 1059.2384098880643
82.72859216255442 1058.8051441548396
82.85302593659944 1058.3769642960692
82.97567954220314 1057.9537779870338
83.09659090909092 1057.5354951921781
83.21579689703809 1057.1220280928128
83.33333333333333 1056.7132910177634
83.44923504867873 1056.3092003764336
83.5635359116022 1055.909674594509
83.67626886145405 1055.514634052156
83.7874659400545 1055.1240010242896
83.89715832205682 1054.7376996233356
84.00537634408603 1054.3556557439183
84.11214953271028 1053.9777970096338
84.21750663129974 1053.6040527216664
84.32147562582347 1053.2343538095733
84.42408376963351 1052.8686327832565
84.52535760728219 1052.5068236871039
84.62532299741602 1052.1488620559103
84.7240051347882 1051.7946848716895
84.82142857142858 1051.4442305224907
84.91761723700887 1051.0974387626584
85.0125944584383 1050.7542506741152
85.1063829787234 1050.414608629353
85.19900497512438 1050.0784562554281
85.29048207663783 1049.7457383992946
85.38083538083538 1049.4164010942245
85.47008547008548 1049.0903915274748
85.55825242718447 1048.7676580088146
85.6453558504222 1048.4481499403819
85.73141486810553 1048.1318177872163
85.81644815256257 1047.8186130489576
85.9004739336493 1047.5084882325268
85.98351001177856 1047.2013968253395
86.06557377049181 1046.897293269808
86.1466821885914 1046.5961329382935
86.22685185185185 1046.2978721092463
86.30609896432682 1046.0024679435082
86.38443935926773 1045.7098784620075
86.46188850967008 1045.4200625236786
86.53846153846155 1045.1329798044048
86.61417322834646 1044.8485907762688
86.68903803131992 1044.5668566875997
86.76307007786428 1044.2877395438404
86.83628318584071 1044.0112020885772
86.90869086908691 1043.7372077854297
86.98030634573306 1043.4657208003705
87.05114254624591 1043.1967059846784
87.12121212121212 1042.930128858302
87.19052744886976 1042.6659555935703
87.2591006423983 1042.4041529998044
87.32694355697551 1042.1446885079285
87.39406779661017 1041.887530155716
87.4604847207587 1041.6326465736279
87.52620545073376 1041.380006970653
87.59124087591242 1041.1295811209857
87.65560165975104 1040.8813393506625
87.71929824561404 1040.63525252506
87.782340862423 1040.3912920362473
87.84473953013278 1040.1494297910153
87.90650406504066 1039.9096381992126
87.96764408493428 1039.671890162183
88.02816901408451 1039.4361590617973
88.08808808808809 1039.2024187496077
88.14741035856574 1038.9706435363905
88.20614469772052 1038.7408081818535
88.26429980276134 1038.5128878848127
88.32188420019628 1038.2868582733909
88.37890625 1038.0626953957471
88.43537414965988 1037.840375710848
88.49129593810446 1037.6198760794637
88.54667949951877 1037.4011737556748
88.60153256704982 1037.1842463782377
88.65586272640611 1036.969071962419
88.70967741935483 1036.7556288919945
88.76298394711993 1036.5438959113908
88.81578947368422 1036.3338521181345
88.86810102899906 1036.1254769553216
88.91992551210429 1035.9187502044551
88.97126969416126 1035.7136519784876
89.02214022140222 1035.5101627147405
89.07254361799816 1035.3082631683355
89.12248628884826 1035.1079344059326
89.171974522293 1034.9091577985473
89.22101449275362 1034.7119150163326
89.26961226330027 1034.5161880219075
89.31777378815082 1034.3219590645663
1073.0
0.0 982.6581200824921
4.03225806451613 1029.8741957436346
7.751937984496124 1062.803529735013
11.194029850746269 1088.2229815460505
14.388489208633096 1108.942309248422
17.36111111111111 1126.4175256096019
20.13422818791946 1141.5076609365178
22.727272727272727 1154.7650105038792
25.15723270440252 1166.5671460165674
27.439024390243905 1177.1843838110908
29.585798816568047 1186.8173448820517
31.60919540229885 1183.0408250040239
33.5195530726257 1179.4296161809734
35.32608695652174 1175.971831228702
37.03703703703704 1172.6567710617292
38.659793814432994 1169.4747740621528
40.20100502512563 1166.4170883718805
41.666666666666664 1163.4757630693218
43.0622009569378 1160.6435549958587
44.39252336448599 1157.913848622037
45.662100456621005 1155.2805868365385
46.875 1152.7382109291455
48.03493449781659 1150.2816083487483
49.14529914529914 1147.9060670657145
50.209205020920514 1145.6072355672404
51.229508196721305 1143.3810876768905
52.20883534136546 1141.223891520499
53.14960629921261 1139.1321820696044
54.054054054054056 1137.1027367816464
54.92424242424243 1135.1325539292975
55.762081784386616 1133.2188332732392
56.569343065693424 1131.3589587821298
57.34767025089605 1129.550483147059
58.098591549295776 1127.7911138724994
58.82352941176471 1126.0787007562487
59.523809523809526 1124.41122459682
60.200668896321076 1122.7867869868169
60.85526315789473 1121.203601070638
61.48867313915858 1119.659983159902
62.101910828025474 1118.1543451133348
62.695924764890286 1116.6851873995165
63.27160493827161 1115.2510927710102
63.829787234042556 1113.8507204866607
64.37125748502994 1112.4828010264525
64.89675516224189 1111.1461312497022
65.40697674418605 1109.8395699529465
65.90257879656161 1108.5620337892487
66.38418079096046 1107.3124935137162
66.85236768802228 1106.089970525361
67.3076923076923 1104.8935336774957
67.75067750677508 1103.7222963322802
68.18181818181817 1102.5754136375235
68.60158311345647 1101.4520800060154
69.01041666666666 1100.3515267798275
69.40874035989717 1099.2730200634298
69.79695431472082 1098.2158587115123
70.17543859649122 1097.1793724584245
70.54455445544554 1096.1629201776623
70.90464547677261 1095.1658882605443
71.25603864734299 1094.1876891046559
71.59904534606206 1093.2277597034954
71.93396226415094 1092.2855603288008
72.26107226107227 1091.3605732994063
72.58064516129032 1090.4523018283726
72.89293849658314 1089.5602689444718
73.1981981981982 1088.6840164807518
73.49665924276168 1087.8231041262416
73.7885462555066 1086.977108535773
74.07407407407408 1086.1456224936728
74.35344827586206 1085.32825412796
74.6268656716418 1084.524626170769
74.89451476793249 1083.7343752625145
75.15657620041753 1082.9571512960638
75.41322314049587 1082.1926167988363
75.66462167689161 1081.4404463497954
75.91093117408909 1080.700326029355
76.15230460921843 1079.9719528995524
76.3888888888889 1079.2550345132486
76.62082514734774 1078.5492884496443
76.84824902723734 1077.8544418750698
77.07129094412332 1077.1702311269894
77.29007633587786 1076.4964013202507
77.50472589792061 1075.8327059736848
77.71535580524346 1075.1789066560548
77.92207792207792 1074.534772650411
78.12500000000001 1073.900080635135
78.32422586520946 1073.274614381221
78.51985559566788 1072.6581644646285
78.71198568872988 1072.0505279929603
78.90070921985816 1071.4515083451442
79.08611599297014 1070.8609149240897
79.26829268292683 1070.2785629210996
79.44732297063904 1069.7042730914666
79.62328767123289 1069.1378715406995
79.79626485568761 1068.5791895207058
79.96632996632998 1068.0280632354788
80.13355592654423 1067.4843336555955
80.29801324503312 1066.9478463414612
80.45977011494254 1066.4184512740758
80.61889250814332 1065.8960026938416
80.77544426494346 1065.3803589462268
80.92948717948717 1064.871382334386
81.08108108108108 1064.3689389781048
81.23028391167193 1063.8728986790056
81.37715179968701 1063.3831347914224
81.5217391304348 1062.8995240988002
81.66409861325114 1062.4219466954764
81.80428134556576 1061.9502858730982
81.9423368740516 1061.4844280121747
82.07831325301204 1061.0242624777948
82.21225710014949 1060.5696815198462
82.34421364985162 1060.1205801769288
82.47422680412372 1059.6768561848512
82.60233918128655 1059.2384098880643
82.72859216255442 1058.8051441548396
82.85302593659944 1058.3769642960692
82.97567954220314 1057.9537779870338
83.09659090909092 1057.5354951921781
83.21579689703809 1057.1220280928128
83.33333333333333 1056.7132910177634
83.44923504867873 1056.3092003764336
83.5635359116022 1055.909674594509
83.67626886145405 1055.514634052156
83.7874659400545 1055.1240010242896
83.89715832205682 1054.7376996233356
84.00537634408603 1054.3556557439183
84.11214953271028 1053.9777970096338
84.21750663129974 1053.6040527216664
84.32147562582347 1053.2343538095733
84.42408376963351 1052.8686327832565
84.52535760728219 1052.5068236871039
84.62532299741602 1052.1488620559103
84.7240051347882 1051.7946848716895
84.82142857142858 1051.4442305224907
84.91761723700887 1051.0974387626584
85.0125944584383 1050.7542506741152
85.1063829787234 1050.414608629353
85.19900497512438 1050.0784562554281
85.29048207663783 1049.7457383992946
85.38083538083538 1049.4164010942245
85.47008547008548 1049.0903915274748
85.55825242718447 1048.7676580088146
85.6453558504222 1048.4481499403819
85.73141486810553 1048.1318177872163
85.81644815256257 1047.8186130489576
85.9004739336493 1047.5084882325268
85.98351001177856 1047.2013968253395
86.06557377049181 1046.897293269808
86.1466821885914 1046.5961329382935
86.22685185185185 1046.2978721092463
86.30609896432682 1046.0024679435082
86.38443935926773 1045.7098784620075
86.46188850967008 1045.4200625236786
86.53846153846155 1045.1329798044048
86.61417322834646 1044.8485907762688
86.68903803131992 1044.5668566875997
86.76307007786428 1044.2877395438404
86.83628318584071 1044.0112020885772
86.90869086908691 1043.7372077854297
86.98030634573306 1043.4657208003705
87.05114254624591 1043.1967059846784
87.12121212121212 1042.930128858302
87.19052744886976 1042.6659555935703
87.2591006423983 1042.4041529998044
87.32694355697551 1042.1446885079285
87.39406779661017 1041.887530155716
87.4604847207587 1041.6326465736279
87.52620545073376 1041.380006970653
87.59124087591242 1041.1295811209857
87.65560165975104 1040.8813393506625
87.71929824561404 1040.63525252506
87.782340862423 1040.3912920362473
87.84473953013278 1040.1494297910153
87.90650406504066 1039.9096381992126
87.96764408493428 1039.671890162183
88.02816901408451 1039.4361590617973
88.08808808808809 1039.2024187496077
88.14741035856574 1038.9706435363905
88.20614469772052 1038.7408081818535
88.26429980276134 1038.5128878848127
88.32188420019628 1038.2868582733909
88.37890625 1038.0626953957471
88.43537414965988 1037.840375710848
88.49129593810446 1037.6198760794637
88.54667949951877 1037.4011737556748
88.60153256704982 1037.1842463782377
88.65586272640611 1036.969071962419
88.70967741935483 1036.7556288919945
88.76298394711993 1036.5438959113908
88.81578947368422 1036.3338521181345
88.86810102899906 1036.1254769553216
88.91992551210429 1035.9187502044551
88.97126969416126 1035.7136519784876
89.02214022140222 1035.5101627147405
89.07254361799816 1035.3082631683355
89.12248628884826 1035.1079344059326
89.171974522293 1034.9091577985473
89.22101449275362 1034.7119150163326
89.26961226330027 1034.5161880219075
89.31777378815082 1034.3219590645663
