0.006502979652115726 0.835432802515468 0.83
0.015567150136243128 0.8329669211195928 0.82
0.024793681418656795 0.8305934698806372 0.81
0.03417445398971267 0.8283069373187598 0.8
0.04369540738399413 0.8260966287309428 0.79
0.05334894833977282 0.823957252920222 0.78
0.06311769678178976 0.8218748474114986 0.77
0.0730052152994085 0.8198535876827735 0.76
0.08300438814910588 0.8178883195375116 0.75
0.0940233418625302 0.8167980856386644 0.74
0.10597429985587634 0.8165313367192001 0.73
0.11793816646655035 0.8162693051979741 0.72
0.12991117694313337 0.8160086432389401 0.71
0.1418959038809433 0.8157518454531176 0.7
0.1538862982669553 0.8154932352315223 0.69
0.16588514051859418 0.8152354466179592 0.68
0.17788976683428215 0.8149758669467186 0.67
0.18990273274664207 0.8147169811320757 0.66
0.20191931061496285 0.8144539877300616 0.65
0.21394213219472502 0.814189420668127 0.64
0.22597132497098607 0.8139233342697347 0.63
0.23800497609781293 0.8136536073752442 0.62
0.2500414780021618 0.8133783164100884 0.61
0.26208324814164696 0.813099849663222 0.6
0.2741305653021333 0.8128183551985206 0.59
0.28618194563300964 0.8125319840983015 0.58
0.29823781992205756 0.8122409787553555 0.57
0.31029696957376585 0.8119436558861021 0.56
0.3223614942263695 0.811642188739096 0.55
0.33443022616918033 0.8113349211937951 0.54
0.346503637039462 0.8110221112768528 0.53
0.35858216526856246 0.8107039933146303 0.52
0.3706648737331484 0.8103790472101331 0.51
0.38275358620946637 0.810049258819474 0.5
0.39484740374988714 0.8097131253114219 0.49
0.40694800043371626 0.8093725345349785 0.48
0.41905335416123585 0.8090243800640577 0.47
0.4311651301264717 0.8086705375538493 0.46
0.44328263290648734 0.8083096138159684 0.45
0.45540844163968824 0.8079449511203916 0.44
0.4675397627307865 0.8075720399429388 0.43
0.47967909538541387 0.8071941685892937 0.42
0.4918258141413041 0.8068099706937999 0.41
0.5039812271256578 0.80642109104474 0.4
0.5161438750558727 0.8060247249015082 0.39
0.5283150664674143 0.8056225098267811 0.38
0.540495966299726 0.8052160000000003 0.37
0.5526852659382923 0.8048024636504315 0.36
0.5648848872587221 0.8043848392094625 0.35
0.5770936198318328 0.803960441232408 0.34
0.5893125535689476 0.8035307698537155 0.33
0.6015419897202375 0.8030959141098053 0.32
0.6137817949104294 0.8026550688570097 0.31
0.6260330241839801 0.8022098725305379 0.3
0.6382953295628886 0.801759069490427 0.29
0.6505694924208588 0.8013038184325789 0.28
0.6628553071885557 0.8008430972128737 0.27
0.6751535036050492 0.8003780335801747 0.26
0.687464112850847 0.7999081394473311 0.25
0.6997870066037022 0.7994324205787676 0.24
0.7121238017655227 0.7989545555018873 0.23
0.7244730248628539 0.798469913483037 0.22
0.7368363802765129 0.7979826399281653 0.21
0.7492132188520711 0.7974901989831281 0.2
0.7616045662796083 0.7969951313029193 0.19
0.7740098624022579 0.7964949351922442 0.18
0.7864297130876117 0.7959908770911476 0.17
0.7988642661544185 0.7954827167749178 0.16
0.8113139173498632 0.7949711917976019 0.15
0.8237787985335762 0.7944560520243344 0.14
0.8362592076538695 0.7939377728501148 0.13
0.8487554568908062 0.7934170551420409 0.12
0.8612671066746906 0.7928905493383265 0.11
0.8737952178685845 0.7923630017115447 0.1
0.8863393938381137 0.7918310753315295 0.09
0.8989001435878983 0.7912968706296194 0.08
0.91147757951343 0.7907601217323229 0.07
0.9240717323509742 0.7902195303249457 0.06
0.9366829114482147 0.7896762334406205 0.05
0.9493113384847061 0.7891311154059792 0.04
0.9619570689456478 0.7885827713206097 0.03
0.9746203408723663 0.7880326484851697 0.02
0.9873012507544108 0.7874791293696413 0.01
1.0 0.786924880167015 0.0
